0.000000 -3.968081 -3.873625 -3.720586 -3.515752 -3.269078 -2.994253 -2.709500 -2.438397 -2.209821 -2.055041 2.055041 2.209821 2.438397 2.709500 2.994253 3.269078 3.515752 3.720586 3.873625 3.968081 
0.015708 -3.968203 -3.873741 -3.720693 -3.515847 -3.269158 -2.994316 -2.709546 -2.438425 -2.209835 -2.055044 2.055044 2.209835 2.438425 2.709546 2.994316 3.269158 3.515847 3.720693 3.873741 3.968203 
0.031416 -3.968567 -3.874089 -3.721015 -3.516132 -3.269399 -2.994506 -2.709682 -2.438508 -2.209874 -2.055054 2.055054 2.209874 2.438508 2.709682 2.994506 3.269399 3.516132 3.721015 3.874089 3.968567 
0.047124 -3.969174 -3.874669 -3.721550 -3.516607 -3.269800 -2.994822 -2.709908 -2.438647 -2.209939 -2.055071 2.055071 2.209939 2.438647 2.709908 2.994822 3.269800 3.516607 3.721550 3.874669 3.969174 
0.062832 -3.970023 -3.875479 -3.722299 -3.517271 -3.270360 -2.995264 -2.710224 -2.438841 -2.210031 -2.055094 2.055094 2.210031 2.438841 2.710224 2.995264 3.270360 3.517271 3.722299 3.875479 3.970023 
0.078540 -3.971112 -3.876520 -3.723260 -3.518124 -3.271079 -2.995832 -2.710630 -2.439091 -2.210149 -2.055125 2.055125 2.210149 2.439091 2.710630 2.995832 3.271079 3.518124 3.723260 3.876520 3.971112 
0.094248 -3.972441 -3.877790 -3.724432 -3.519164 -3.271957 -2.996524 -2.711125 -2.439395 -2.210292 -2.055161 2.055161 2.210292 2.439395 2.711125 2.996524 3.271957 3.519164 3.724432 3.877790 3.972441 
0.109956 -3.974008 -3.879287 -3.725814 -3.520390 -3.272991 -2.997339 -2.711708 -2.439753 -2.210460 -2.055205 2.055205 2.210460 2.439753 2.711708 2.997339 3.272991 3.520390 3.725814 3.879287 3.974008 
0.125664 -3.975811 -3.881009 -3.727405 -3.521801 -3.274182 -2.998277 -2.712379 -2.440165 -2.210654 -2.055255 2.055255 2.210654 2.440165 2.712379 2.998277 3.274182 3.521801 3.727405 3.881009 3.975811 
0.141372 -3.977848 -3.882955 -3.729202 -3.523395 -3.275526 -2.999337 -2.713136 -2.440630 -2.210873 -2.055311 2.055311 2.210873 2.440630 2.713136 2.999337 3.275526 3.523395 3.729202 3.882955 3.977848 
0.157080 -3.980117 -3.885122 -3.731203 -3.525170 -3.277023 -3.000517 -2.713979 -2.441147 -2.211116 -2.055373 2.055373 2.211116 2.441147 2.713979 3.000517 3.277023 3.525170 3.731203 3.885122 3.980117 
0.172788 -3.982615 -3.887508 -3.733406 -3.527124 -3.278671 -3.001815 -2.714907 -2.441716 -2.211383 -2.055441 2.055441 2.211383 2.441716 2.714907 3.001815 3.278671 3.527124 3.733406 3.887508 3.982615 
0.188496 -3.985339 -3.890110 -3.735808 -3.529255 -3.280468 -3.003231 -2.715917 -2.442335 -2.211674 -2.055516 2.055516 2.211674 2.442335 2.715917 3.003231 3.280468 3.529255 3.735808 3.890110 3.985339 
0.204204 -3.988286 -3.892925 -3.738406 -3.531559 -3.282411 -3.004761 -2.717010 -2.443004 -2.211987 -2.055596 2.055596 2.211987 2.443004 2.717010 3.004761 3.282411 3.531559 3.738406 3.892925 3.988286 
0.219911 -3.991452 -3.895949 -3.741198 -3.534035 -3.284498 -3.006405 -2.718183 -2.443722 -2.212324 -2.055682 2.055682 2.212324 2.443722 2.718183 3.006405 3.284498 3.534035 3.741198 3.895949 3.991452 
0.235619 -3.994834 -3.899180 -3.744181 -3.536680 -3.286727 -3.008160 -2.719435 -2.444487 -2.212682 -2.055773 2.055773 2.212682 2.444487 2.719435 3.008160 3.286727 3.536680 3.744181 3.899180 3.994834 
0.251327 -3.998429 -3.902613 -3.747349 -3.539489 -3.289095 -3.010024 -2.720764 -2.445299 -2.213061 -2.055870 2.055870 2.213061 2.445299 2.720764 3.010024 3.289095 3.539489 3.747349 3.902613 3.998429 
0.267035 -4.002231 -3.906245 -3.750701 -3.542461 -3.291600 -3.011995 -2.722168 -2.446157 -2.213461 -2.055971 2.055971 2.213461 2.446157 2.722168 3.011995 3.291600 3.542461 3.750701 3.906245 4.002231 
0.282743 -4.006237 -3.910070 -3.754232 -3.545591 -3.294237 -3.014069 -2.723645 -2.447058 -2.213881 -2.056078 2.056078 2.213881 2.447058 2.723645 3.014069 3.294237 3.545591 3.754232 3.910070 4.006237 
0.298451 -4.010441 -3.914086 -3.757938 -3.548877 -3.297004 -3.016245 -2.725194 -2.448001 -2.214320 -2.056189 2.056189 2.214320 2.448001 2.725194 3.016245 3.297004 3.548877 3.757938 3.914086 4.010441 
0.314159 -4.014840 -3.918287 -3.761815 -3.552313 -3.299898 -3.018520 -2.726812 -2.448986 -2.214777 -2.056305 2.056305 2.214777 2.448986 2.726812 3.018520 3.299898 3.552313 3.761815 3.918287 4.014840 
0.329867 -4.019428 -3.922668 -3.765859 -3.555896 -3.302915 -3.020890 -2.728497 -2.450011 -2.215252 -2.056425 2.056425 2.215252 2.450011 2.728497 3.020890 3.302915 3.555896 3.765859 3.922668 4.019428 
0.345575 -4.024200 -3.927225 -3.770063 -3.559621 -3.306052 -3.023354 -2.730247 -2.451073 -2.215743 -2.056548 2.056548 2.215743 2.451073 2.730247 3.023354 3.306052 3.559621 3.770063 3.927225 4.024200 
0.361283 -4.029151 -3.931953 -3.774425 -3.563486 -3.309304 -3.025907 -2.732059 -2.452172 -2.216250 -2.056675 2.056675 2.216250 2.452172 2.732059 3.025907 3.309304 3.563486 3.774425 3.931953 4.029151 
0.376991 -4.034275 -3.936845 -3.778939 -3.567484 -3.312668 -3.028547 -2.733932 -2.453305 -2.216772 -2.056806 2.056806 2.216772 2.453305 2.733932 3.028547 3.312668 3.567484 3.778939 3.936845 4.034275 
0.392699 -4.039566 -3.941898 -3.783600 -3.571612 -3.316140 -3.031271 -2.735861 -2.454471 -2.217308 -2.056940 2.056940 2.217308 2.454471 2.735861 3.031271 3.316140 3.571612 3.783600 3.941898 4.039566 
0.408407 -4.045019 -3.947104 -3.788402 -3.575864 -3.319716 -3.034074 -2.737846 -2.455669 -2.217856 -2.057076 2.057076 2.217856 2.455669 2.737846 3.034074 3.319716 3.575864 3.788402 3.947104 4.045019 
0.424115 -4.050627 -3.952458 -3.793340 -3.580236 -3.323392 -3.036954 -2.739882 -2.456895 -2.218416 -2.057215 2.057215 2.218416 2.456895 2.739882 3.036954 3.323392 3.580236 3.793340 3.952458 4.050627 
0.439823 -4.056385 -3.957955 -3.798409 -3.584724 -3.327163 -3.039907 -2.741968 -2.458149 -2.218987 -2.057356 2.057356 2.218987 2.458149 2.741968 3.039907 3.327163 3.584724 3.798409 3.957955 4.056385 
0.455531 -4.062285 -3.963587 -3.803603 -3.589320 -3.331024 -3.042929 -2.744100 -2.459428 -2.219567 -2.057498 2.057498 2.219567 2.459428 2.744100 3.042929 3.331024 3.589320 3.803603 3.963587 4.062285 
0.471239 -4.068322 -3.969350 -3.808916 -3.594022 -3.334973 -3.046016 -2.746276 -2.460730 -2.220155 -2.057642 2.057642 2.220155 2.460730 2.746276 3.046016 3.334973 3.594022 3.808916 3.969350 4.068322 
0.486947 -4.074489 -3.975236 -3.814343 -3.598822 -3.339002 -3.049166 -2.748493 -2.462053 -2.220750 -2.057787 2.057787 2.220750 2.462053 2.748493 3.049166 3.339002 3.598822 3.814343 3.975236 4.074489 
0.502655 -4.080780 -3.981240 -3.819877 -3.603717 -3.343110 -3.052373 -2.750747 -2.463396 -2.221352 -2.057932 2.057932 2.221352 2.463396 2.750747 3.052373 3.343110 3.603717 3.819877 3.981240 4.080780 
0.518363 -4.087186 -3.987354 -3.825512 -3.608700 -3.347289 -3.055635 -2.753036 -2.464755 -2.221958 -2.058078 2.058078 2.221958 2.464755 2.753036 3.055635 3.347289 3.608700 3.825512 3.987354 4.087186 
0.534071 -4.093703 -3.993573 -3.831242 -3.613765 -3.351536 -3.058946 -2.755356 -2.466129 -2.222567 -2.058223 2.058223 2.222567 2.466129 2.755356 3.058946 3.351536 3.613765 3.831242 3.993573 4.093703 
0.549779 -4.100322 -3.999889 -3.837062 -3.618909 -3.355846 -3.062303 -2.757705 -2.467515 -2.223178 -2.058368 2.058368 2.223178 2.467515 2.757705 3.062303 3.355846 3.618909 3.837062 3.999889 4.100322 
0.565487 -4.107036 -4.006296 -3.842964 -3.624123 -3.360213 -3.065702 -2.760078 -2.468912 -2.223790 -2.058512 2.058512 2.223790 2.468912 2.760078 3.065702 3.360213 3.624123 3.842964 4.006296 4.107036 
0.581195 -4.113840 -4.012786 -3.848942 -3.629404 -3.364634 -3.069139 -2.762474 -2.470316 -2.224401 -2.058654 2.058654 2.224401 2.470316 2.762474 3.069139 3.364634 3.629404 3.848942 4.012786 4.113840 
0.596903 -4.120724 -4.019354 -3.854990 -3.634744 -3.369102 -3.072610 -2.764889 -2.471726 -2.225010 -2.058794 2.058794 2.225010 2.471726 2.764889 3.072610 3.369102 3.634744 3.854990 4.019354 4.120724 
0.612611 -4.127683 -4.025992 -3.861102 -3.640139 -3.373613 -3.076110 -2.767319 -2.473139 -2.225616 -2.058931 2.058931 2.225616 2.473139 2.767319 3.076110 3.373613 3.640139 3.861102 4.025992 4.127683 
0.628319 -4.134709 -4.032693 -3.867271 -3.645582 -3.378162 -3.079635 -2.769761 -2.474552 -2.226216 -2.059066 2.059066 2.226216 2.474552 2.769761 3.079635 3.378162 3.645582 3.867271 4.032693 4.134709 
0.644026 -4.141794 -4.039451 -3.873490 -3.651068 -3.382743 -3.083182 -2.772211 -2.475964 -2.226811 -2.059197 2.059197 2.226811 2.475964 2.772211 3.083182 3.382743 3.651068 3.873490 4.039451 4.141794 
0.659734 -4.148932 -4.046257 -3.879753 -3.656590 -3.387351 -3.086745 -2.774667 -2.477372 -2.227397 -2.059324 2.059324 2.227397 2.477372 2.774667 3.086745 3.387351 3.656590 3.879753 4.046257 4.148932 
0.675442 -4.156115 -4.053106 -3.886054 -3.662143 -3.391983 -3.090320 -2.777126 -2.478773 -2.227973 -2.059447 2.059447 2.227973 2.478773 2.777126 3.090320 3.391983 3.662143 3.886054 4.053106 4.156115 
0.691150 -4.163336 -4.059990 -3.892385 -3.667721 -3.396631 -3.093904 -2.779583 -2.480164 -2.228539 -2.059564 2.059564 2.228539 2.480164 2.779583 3.093904 3.396631 3.667721 3.892385 4.059990 4.163336 
0.706858 -4.170587 -4.066902 -3.898741 -3.673318 -3.401291 -3.097491 -2.782035 -2.481544 -2.229091 -2.059676 2.059676 2.229091 2.481544 2.782035 3.097491 3.401291 3.673318 3.898741 4.066902 4.170587 
0.722566 -4.177861 -4.073835 -3.905115 -3.678928 -3.405958 -3.101079 -2.784479 -2.482910 -2.229630 -2.059782 2.059782 2.229630 2.482910 2.784479 3.101079 3.405958 3.678928 3.905115 4.073835 4.177861 
0.738274 -4.185151 -4.080782 -3.911499 -3.684546 -3.410628 -3.104662 -2.786912 -2.484260 -2.230152 -2.059880 2.059880 2.230152 2.484260 2.786912 3.104662 3.410628 3.684546 3.911499 4.080782 4.185151 
0.753982 -4.192449 -4.087736 -3.917889 -3.690164 -3.415293 -3.108236 -2.789330 -2.485590 -2.230657 -2.059972 2.059972 2.230657 2.485590 2.789330 3.108236 3.415293 3.690164 3.917889 4.087736 4.192449 
0.769690 -4.199749 -4.094691 -3.924276 -3.695778 -3.419951 -3.111797 -2.791730 -2.486899 -2.231143 -2.060055 2.060055 2.231143 2.486899 2.791730 3.111797 3.419951 3.695778 3.924276 4.094691 4.199749 
0.785398 -4.207043 -4.101638 -3.930656 -3.701381 -3.424595 -3.115341 -2.794108 -2.488183 -2.231608 -2.060129 2.060129 2.231608 2.488183 2.794108 3.115341 3.424595 3.701381 3.930656 4.101638 4.207043 
0.801106 -4.214324 -4.108572 -3.937020 -3.706968 -3.429221 -3.118863 -2.796462 -2.489441 -2.232050 -2.060194 2.060194 2.232050 2.489441 2.796462 3.118863 3.429221 3.706968 3.937020 4.108572 4.214324 
0.816814 -4.221584 -4.115486 -3.943364 -3.712534 -3.433824 -3.122360 -2.798788 -2.490669 -2.232467 -2.060249 2.060249 2.232467 2.490669 2.798788 3.122360 3.433824 3.712534 3.943364 4.115486 4.221584 
0.832522 -4.228818 -4.122372 -3.949681 -3.718072 -3.438398 -3.125828 -2.801082 -2.491866 -2.232859 -2.060294 2.060294 2.232859 2.491866 2.801082 3.125828 3.438398 3.718072 3.949681 4.122372 4.228818 
0.848230 -4.236017 -4.129225 -3.955964 -3.723576 -3.442939 -3.129261 -2.803342 -2.493028 -2.233222 -2.060326 2.060326 2.233222 2.493028 2.803342 3.129261 3.442939 3.723576 3.955964 4.129225 4.236017 
0.863938 -4.243174 -4.136036 -3.962207 -3.729042 -3.447442 -3.132657 -2.805565 -2.494154 -2.233556 -2.060346 2.060346 2.233556 2.494154 2.805565 3.132657 3.447442 3.729042 3.962207 4.136036 4.243174 
0.879646 -4.250284 -4.142801 -3.968404 -3.734463 -3.451902 -3.136012 -2.807746 -2.495241 -2.233858 -2.060353 2.060353 2.233858 2.495241 2.807746 3.136012 3.451902 3.734463 3.968404 4.142801 4.250284 
0.895354 -4.257339 -4.149512 -3.974549 -3.739835 -3.456315 -3.139321 -2.809884 -2.496286 -2.234127 -2.060347 2.060347 2.234127 2.496286 2.809884 3.139321 3.456315 3.739835 3.974549 4.149512 4.257339 
0.911062 -4.264332 -4.156162 -3.980637 -3.745151 -3.460675 -3.142581 -2.811974 -2.497287 -2.234360 -2.060325 2.060325 2.234360 2.497287 2.811974 3.142581 3.460675 3.745151 3.980637 4.156162 4.264332 
0.926770 -4.271258 -4.162747 -3.986660 -3.750407 -3.464979 -3.145787 -2.814015 -2.498241 -2.234557 -2.060287 2.060287 2.234557 2.498241 2.814015 3.145787 3.464979 3.750407 3.986660 4.162747 4.271258 
0.942478 -4.278108 -4.169258 -3.992614 -3.755598 -3.469222 -3.148937 -2.816002 -2.499147 -2.234714 -2.060233 2.060233 2.234714 2.499147 2.816002 3.148937 3.469222 3.755598 3.992614 4.169258 4.278108 
0.958186 -4.284878 -4.175691 -3.998493 -3.760717 -3.473399 -3.152026 -2.817934 -2.500002 -2.234830 -2.060162 2.060162 2.234830 2.500002 2.817934 3.152026 3.473399 3.760717 3.998493 4.175691 4.284878 
0.973894 -4.291560 -4.182039 -4.004290 -3.765761 -3.477505 -3.155051 -2.819807 -2.500803 -2.234904 -2.060071 2.060071 2.234904 2.500803 2.819807 3.155051 3.477505 3.765761 4.004290 4.182039 4.291560 
0.989602 -4.298149 -4.188296 -4.010001 -3.770724 -3.481538 -3.158009 -2.821618 -2.501549 -2.234933 -2.059961 2.059961 2.234933 2.501549 2.821618 3.158009 3.481538 3.770724 4.010001 4.188296 4.298149 
1.005310 -4.304638 -4.194456 -4.015621 -3.775601 -3.485492 -3.160895 -2.823366 -2.502237 -2.234915 -2.059830 2.059830 2.234915 2.502237 2.823366 3.160895 3.485492 3.775601 4.015621 4.194456 4.304638 
1.021018 -4.311021 -4.200514 -4.021143 -3.780388 -3.489364 -3.163708 -2.825046 -2.502866 -2.234848 -2.059678 2.059678 2.234848 2.502866 2.825046 3.163708 3.489364 3.780388 4.021143 4.200514 4.311021 
1.036726 -4.317293 -4.206464 -4.026562 -3.785080 -3.493149 -3.166442 -2.826657 -2.503432 -2.234731 -2.059502 2.059502 2.234731 2.503432 2.826657 3.166442 3.493149 3.785080 4.026562 4.206464 4.317293 
1.052434 -4.323448 -4.212301 -4.031875 -3.789672 -3.496844 -3.169096 -2.828197 -2.503934 -2.234561 -2.059301 2.059301 2.234561 2.503934 2.828197 3.169096 3.496844 3.789672 4.031875 4.212301 4.323448 
1.068142 -4.329481 -4.218019 -4.037075 -3.794160 -3.500445 -3.171666 -2.829662 -2.504370 -2.234337 -2.059075 2.059075 2.234337 2.504370 2.829662 3.171666 3.500445 3.794160 4.037075 4.218019 4.329481 
1.083849 -4.335385 -4.223613 -4.042157 -3.798540 -3.503947 -3.174149 -2.831050 -2.504739 -2.234056 -2.058821 2.058821 2.234056 2.504739 2.831050 3.174149 3.503947 3.798540 4.042157 4.223613 4.335385 
1.099557 -4.341156 -4.229078 -4.047118 -3.802808 -3.507348 -3.176543 -2.832360 -2.505038 -2.233717 -2.058539 2.058539 2.233717 2.505038 2.832360 3.176543 3.507348 3.802808 4.047118 4.229078 4.341156 
1.115265 -4.346788 -4.234409 -4.051952 -3.806958 -3.510645 -3.178843 -2.833589 -2.505265 -2.233317 -2.058226 2.058226 2.233317 2.505265 2.833589 3.178843 3.510645 3.806958 4.051952 4.234409 4.346788 
1.130973 -4.352277 -4.239601 -4.056655 -3.810988 -3.513833 -3.181049 -2.834735 -2.505419 -2.232854 -2.057882 2.057882 2.232854 2.505419 2.834735 3.181049 3.513833 3.810988 4.056655 4.239601 4.352277 
1.146681 -4.357617 -4.244649 -4.061223 -3.814894 -3.516909 -3.183157 -2.835797 -2.505498 -2.232328 -2.057503 2.057503 2.232328 2.505498 2.835797 3.183157 3.516909 3.814894 4.061223 4.244649 4.357617 
1.162389 -4.362804 -4.249550 -4.065651 -3.818671 -3.519871 -3.185165 -2.836771 -2.505502 -2.231735 -2.057089 2.057089 2.231735 2.505502 2.836771 3.185165 3.519871 3.818671 4.065651 4.249550 4.362804 
1.178097 -4.367833 -4.254298 -4.069936 -3.822317 -3.522715 -3.187070 -2.837658 -2.505427 -2.231073 -2.056637 2.056637 2.231073 2.505427 2.837658 3.187070 3.522715 3.822317 4.069936 4.254298 4.367833 
1.193805 -4.372699 -4.258890 -4.074073 -3.825828 -3.525439 -3.188871 -2.838454 -2.505274 -2.230342 -2.056144 2.056144 2.230342 2.505274 2.838454 3.188871 3.525439 3.825828 4.074073 4.258890 4.372699 
1.209513 -4.377400 -4.263321 -4.078060 -3.829200 -3.528039 -3.190564 -2.839159 -2.505041 -2.229539 -2.055610 2.055610 2.229539 2.505041 2.839159 3.190564 3.528039 3.829200 4.078060 4.263321 4.377400 
1.225221 -4.381929 -4.267588 -4.081891 -3.832430 -3.530513 -3.192149 -2.839771 -2.504727 -2.228662 -2.055030 2.055030 2.228662 2.504727 2.839771 3.192149 3.530513 3.832430 4.081891 4.267588 4.381929 
1.240929 -4.386284 -4.271686 -4.085564 -3.835516 -3.532859 -3.193623 -2.840289 -2.504331 -2.227710 -2.054403 2.054403 2.227710 2.504331 2.840289 3.193623 3.532859 3.835516 4.085564 4.271686 4.386284 
1.256637 -4.390461 -4.275612 -4.089076 -3.838454 -3.535073 -3.194983 -2.840711 -2.503852 -2.226681 -2.053725 2.053725 2.226681 2.503852 2.840711 3.194983 3.535073 3.838454 4.089076 4.275612 4.390461 
1.272345 -4.394456 -4.279363 -4.092422 -3.841241 -3.537155 -3.196230 -2.841037 -2.503290 -2.225574 -2.052994 2.052994 2.225574 2.503290 2.841037 3.196230 3.537155 3.841241 4.092422 4.279363 4.394456 
1.288053 -4.398265 -4.282935 -4.095601 -3.843876 -3.539101 -3.197361 -2.841266 -2.502643 -2.224386 -2.052205 2.052205 2.224386 2.502643 2.841266 3.197361 3.539101 3.843876 4.095601 4.282935 4.398265 
1.303761 -4.401886 -4.286325 -4.098610 -3.846355 -3.540910 -3.198374 -2.841397 -2.501913 -2.223118 -2.051356 2.051356 2.223118 2.501913 2.841397 3.198374 3.540910 3.846355 4.098610 4.286325 4.401886 
1.319469 -4.405315 -4.289530 -4.101445 -3.848676 -3.542580 -3.199269 -2.841429 -2.501097 -2.221767 -2.050442 2.050442 2.221767 2.501097 2.841429 3.199269 3.542580 3.848676 4.101445 4.289530 4.405315 
1.335177 -4.408549 -4.292548 -4.104104 -3.850837 -3.544109 -3.200043 -2.841361 -2.500197 -2.220333 -2.049460 2.049460 2.220333 2.500197 2.841361 3.200043 3.544109 3.850837 4.104104 4.292548 4.408549 
1.350885 -4.411585 -4.295376 -4.106585 -3.852836 -3.545495 -3.200697 -2.841194 -2.499213 -2.218815 -2.048403 2.048403 2.218815 2.499213 2.841194 3.200697 3.545495 3.852836 4.106585 4.295376 4.411585 
1.366593 -4.414422 -4.298010 -4.108885 -3.854670 -3.546737 -3.201229 -2.840927 -2.498144 -2.217213 -2.047269 2.047269 2.217213 2.498144 2.840927 3.201229 3.546737 3.854670 4.108885 4.298010 4.414422 
1.382301 -4.417055 -4.300450 -4.111003 -3.856339 -3.547833 -3.201639 -2.840559 -2.496991 -2.215526 -2.046051 2.046051 2.215526 2.496991 2.840559 3.201639 3.547833 3.856339 4.111003 4.300450 4.417055 
1.398009 -4.419484 -4.302693 -4.112936 -3.857841 -3.548783 -3.201925 -2.840091 -2.495755 -2.213755 -2.044743 2.044743 2.213755 2.495755 2.840091 3.201925 3.548783 3.857841 4.112936 4.302693 4.419484 
1.413717 -4.421706 -4.304737 -4.114683 -3.859173 -3.549586 -3.202086 -2.839523 -2.494436 -2.211899 -2.043338 2.043338 2.211899 2.494436 2.839523 3.202086 3.549586 3.859173 4.114683 4.304737 4.421706 
1.429425 -4.423720 -4.306580 -4.116242 -3.860336 -3.550239 -3.202124 -2.838855 -2.493036 -2.209960 -2.041832 2.041832 2.209960 2.493036 2.838855 3.202124 3.550239 3.860336 4.116242 4.306580 4.423720 
1.445133 -4.425522 -4.308220 -4.117612 -3.861327 -3.550744 -3.202037 -2.838086 -2.491556 -2.207939 -2.040215 2.040215 2.207939 2.491556 2.838086 3.202037 3.550744 3.861327 4.117612 4.308220 4.425522 
1.460841 -4.427113 -4.309657 -4.118791 -3.862145 -3.551098 -3.201825 -2.837219 -2.489996 -2.205837 -2.038479 2.038479 2.205837 2.489996 2.837219 3.201825 3.551098 3.862145 4.118791 4.309657 4.427113 
1.476549 -4.428490 -4.310888 -4.119779 -3.862791 -3.551301 -3.201487 -2.836253 -2.488359 -2.203657 -2.036617 2.036617 2.203657 2.488359 2.836253 3.201487 3.551301 3.862791 4.119779 4.310888 4.428490 
1.492257 -4.429653 -4.311913 -4.120574 -3.863262 -3.551353 -3.201025 -2.835189 -2.486646 -2.201401 -2.034619 2.034619 2.201401 2.486646 2.835189 3.201025 3.551353 3.863262 4.120574 4.311913 4.429653 
1.507964 -4.430601 -4.312731 -4.121176 -3.863559 -3.551254 -3.200438 -2.834027 -2.484858 -2.199073 -2.032475 2.032475 2.199073 2.484858 2.834027 3.200438 3.551254 3.863559 4.121176 4.312731 4.430601 
1.523672 -4.431332 -4.313342 -4.121584 -3.863681 -3.551004 -3.199726 -2.832769 -2.482999 -2.196676 -2.030174 2.030174 2.196676 2.482999 2.832769 3.199726 3.551004 3.863681 4.121584 4.313342 4.431332 
1.539380 -4.431845 -4.313743 -4.121797 -3.863627 -3.550602 -3.198890 -2.831415 -2.481070 -2.194214 -2.027706 2.027706 2.194214 2.481070 2.831415 3.198890 3.550602 3.863627 4.121797 4.313743 4.431845 
1.555088 -4.432142 -4.313937 -4.121816 -3.863399 -3.550048 -3.197930 -2.829968 -2.479073 -2.191694 -2.025057 2.025057 2.191694 2.479073 2.829968 3.197930 3.550048 3.863399 4.121816 4.313937 4.432142 
1.570796 -4.432221 -4.313921 -4.121640 -3.862995 -3.549344 -3.196847 -2.828427 -2.477011 -2.189121 -2.022215 2.022215 2.189121 2.477011 2.828427 3.196847 3.549344 3.862995 4.121640 4.313921 4.432221 
1.586504 -4.432082 -4.313695 -4.121270 -3.862416 -3.548488 -3.195642 -2.826795 -2.474887 -2.186500 -2.019167 2.019167 2.186500 2.474887 2.826795 3.195642 3.548488 3.862416 4.121270 4.313695 4.432082 
1.602212 -4.431726 -4.313262 -4.120704 -3.861662 -3.547483 -3.194315 -2.825072 -2.472704 -2.183840 -2.015898 2.015898 2.183840 2.472704 2.825072 3.194315 3.547483 3.861662 4.120704 4.313262 4.431726 
1.617920 -4.431152 -4.312619 -4.119945 -3.860734 -3.546328 -3.192868 -2.823261 -2.470463 -2.181147 -2.012395 2.012395 2.181147 2.470463 2.823261 3.192868 3.546328 3.860734 4.119945 4.312619 4.431152 
1.633628 -4.430361 -4.311769 -4.118992 -3.859632 -3.545024 -3.191301 -2.821362 -2.468169 -2.178429 -2.008641 2.008641 2.178429 2.468169 2.821362 3.191301 3.545024 3.859632 4.118992 4.311769 4.430361 
1.649336 -4.429354 -4.310711 -4.117847 -3.858357 -3.543573 -3.189616 -2.819379 -2.465824 -2.175696 -2.004622 2.004622 2.175696 2.465824 2.819379 3.189616 3.543573 3.858357 4.117847 4.310711 4.429354 
1.665044 -4.428132 -4.309446 -4.116509 -3.856911 -3.541975 -3.187814 -2.817311 -2.463432 -2.172955 -2.000322 2.000322 2.172955 2.463432 2.817311 3.187814 3.541975 3.856911 4.116509 4.309446 4.428132 
1.680752 -4.426695 -4.307976 -4.114981 -3.855293 -3.540231 -3.185896 -2.815162 -2.460995 -2.170215 -1.995725 1.995725 2.170215 2.460995 2.815162 3.185896 3.540231 3.855293 4.114981 4.307976 4.426695 
1.696460 -4.425045 -4.306302 -4.113262 -3.853506 -3.538342 -3.183864 -2.812933 -2.458517 -2.167486 -1.990815 1.990815 2.167486 2.458517 2.812933 3.183864 3.538342 3.853506 4.113262 4.306302 4.425045 
1.712168 -4.423183 -4.304424 -4.111356 -3.851551 -3.536311 -3.181719 -2.810627 -2.456002 -2.164775 -1.985578 1.985578 2.164775 2.456002 2.810627 3.181719 3.536311 3.851551 4.111356 4.304424 4.423183 
1.727876 -4.421111 -4.302346 -4.109262 -3.849429 -3.534139 -3.179463 -2.808244 -2.453451 -2.162092 -1.979998 1.979998 2.162092 2.453451 2.808244 3.179463 3.534139 3.849429 4.109262 4.302346 4.421111 
1.743584 -4.418831 -4.300067 -4.106983 -3.847142 -3.531827 -3.177098 -2.805788 -2.450870 -2.159443 -1.974061 1.974061 2.159443 2.450870 2.805788 3.177098 3.531827 3.847142 4.106983 4.300067 4.418831 
1.759292 -4.416344 -4.297591 -4.104521 -3.844692 -3.529377 -3.174626 -2.803261 -2.448260 -2.156836 -1.967755 1.967755 2.156836 2.448260 2.803261 3.174626 3.529377 3.844692 4.104521 4.297591 4.416344 
1.775000 -4.413652 -4.294919 -4.101878 -3.842080 -3.526791 -3.172048 -2.800664 -2.445626 -2.154278 -1.961065 1.961065 2.154278 2.445626 2.800664 3.172048 3.526791 3.842080 4.101878 4.294919 4.413652 
1.790708 -4.410758 -4.292054 -4.099056 -3.839309 -3.524071 -3.169367 -2.798000 -2.442969 -2.151775 -1.953982 1.953982 2.151775 2.442969 2.798000 3.169367 3.524071 3.839309 4.099056 4.292054 4.410758 
1.806416 -4.407665 -4.288997 -4.096056 -3.836381 -3.521219 -3.166585 -2.795272 -2.440294 -2.149330 -1.946494 1.946494 2.149330 2.440294 2.795272 3.166585 3.521219 3.836381 4.096056 4.288997 4.407665 
1.822124 -4.404374 -4.285752 -4.092883 -3.833299 -3.518238 -3.163704 -2.792481 -2.437603 -2.146950 -1.938594 1.938594 2.146950 2.437603 2.792481 3.163704 3.518238 3.833299 4.092883 4.285752 4.404374 
1.837832 -4.400889 -4.282321 -4.089537 -3.830064 -3.515129 -3.160726 -2.789631 -2.434899 -2.144635 -1.930271 1.930271 2.144635 2.434899 2.789631 3.160726 3.515129 3.830064 4.089537 4.282321 4.400889 
1.853540 -4.397213 -4.278707 -4.086023 -3.826680 -3.511896 -3.157654 -2.786723 -2.432184 -2.142389 -1.921521 1.921521 2.142389 2.432184 2.786723 3.157654 3.511896 3.826680 4.086023 4.278707 4.397213 
1.869248 -4.393348 -4.274913 -4.082343 -3.823149 -3.508540 -3.154489 -2.783759 -2.429462 -2.140214 -1.912338 1.912338 2.140214 2.429462 2.783759 3.154489 3.508540 3.823149 4.082343 4.274913 4.393348 
1.884956 -4.389298 -4.270942 -4.078499 -3.819474 -3.505066 -3.151236 -2.780743 -2.426735 -2.138109 -1.902716 1.902716 2.138109 2.426735 2.780743 3.151236 3.505066 3.819474 4.078499 4.270942 4.389298 
1.900664 -4.385067 -4.266799 -4.074496 -3.815658 -3.501474 -3.147895 -2.777677 -2.424005 -2.136074 -1.892653 1.892653 2.136074 2.424005 2.777677 3.147895 3.501474 3.815658 4.074496 4.266799 4.385067 
1.916372 -4.380658 -4.262485 -4.070337 -3.811705 -3.497769 -3.144471 -2.774563 -2.421275 -2.134110 -1.882147 1.882147 2.134110 2.421275 2.774563 3.144471 3.497769 3.811705 4.070337 4.262485 4.380658 
1.932079 -4.376076 -4.258005 -4.066025 -3.807617 -3.493953 -3.140964 -2.771403 -2.418546 -2.132215 -1.871195 1.871195 2.132215 2.418546 2.771403 3.140964 3.493953 3.807617 4.066025 4.258005 4.376076 
1.947787 -4.371323 -4.253364 -4.061563 -3.803398 -3.490029 -3.137380 -2.768201 -2.415821 -2.130386 -1.859797 1.859797 2.130386 2.415821 2.768201 3.137380 3.490029 3.803398 4.061563 4.253364 4.371323 
1.963495 -4.366404 -4.248564 -4.056957 -3.799051 -3.486001 -3.133719 -2.764958 -2.413102 -2.128623 -1.847952 1.847952 2.128623 2.413102 2.764958 3.133719 3.486001 3.799051 4.056957 4.248564 4.366404 
1.979203 -4.361324 -4.243610 -4.052208 -3.794581 -3.481872 -3.129986 -2.761678 -2.410389 -2.126924 -1.835662 1.835662 2.126924 2.410389 2.761678 3.129986 3.481872 3.794581 4.052208 4.243610 4.361324 
1.994911 -4.356086 -4.238506 -4.047323 -3.789991 -3.477645 -3.126182 -2.758362 -2.407686 -2.125285 -1.822928 1.822928 2.125285 2.407686 2.758362 3.126182 3.477645 3.789991 4.047323 4.238506 4.356086 
2.010619 -4.350696 -4.233257 -4.042304 -3.785284 -3.473324 -3.122312 -2.755013 -2.404994 -2.123704 -1.809750 1.809750 2.123704 2.404994 2.755013 3.122312 3.473324 3.785284 4.042304 4.233257 4.350696 
2.026327 -4.345158 -4.227867 -4.037156 -3.780466 -3.468912 -3.118378 -2.751633 -2.402313 -2.122180 -1.796131 1.796131 2.122180 2.402313 2.751633 3.118378 3.468912 3.780466 4.037156 4.227867 4.345158 
2.042035 -4.339477 -4.222342 -4.031884 -3.775539 -3.464413 -3.114383 -2.748226 -2.399645 -2.120708 -1.782073 1.782073 2.120708 2.399645 2.748226 3.114383 3.464413 3.775539 4.031884 4.222342 4.339477 
2.057743 -4.333658 -4.216685 -4.026493 -3.770508 -3.459831 -3.110330 -2.744793 -2.396992 -2.119287 -1.767578 1.767578 2.119287 2.396992 2.744793 3.110330 3.459831 3.770508 4.026493 4.216685 4.333658 
2.073451 -4.327707 -4.210902 -4.020986 -3.765378 -3.455169 -3.106223 -2.741336 -2.394355 -2.117915 -1.752650 1.752650 2.117915 2.394355 2.741336 3.106223 3.455169 3.765378 4.020986 4.210902 4.327707 
2.089159 -4.321628 -4.204998 -4.015369 -3.760153 -3.450432 -3.102065 -2.737860 -2.391734 -2.116588 -1.737292 1.737292 2.116588 2.391734 2.737860 3.102065 3.450432 3.760153 4.015369 4.204998 4.321628 
2.104867 -4.315427 -4.198979 -4.009647 -3.754836 -3.445623 -3.097860 -2.734365 -2.389130 -2.115305 -1.721507 1.721507 2.115305 2.389130 2.734365 3.097860 3.445623 3.754836 4.009647 4.198979 4.315427 
2.120575 -4.309110 -4.192849 -4.003824 -3.749434 -3.440747 -3.093609 -2.730854 -2.386546 -2.114063 -1.705299 1.705299 2.114063 2.386546 2.730854 3.093609 3.440747 3.749434 4.003824 4.192849 4.309110 
2.136283 -4.302682 -4.186614 -3.997907 -3.743951 -3.435807 -3.089318 -2.727330 -2.383980 -2.112861 -1.688670 1.688670 2.112861 2.383980 2.727330 3.089318 3.435807 3.743951 3.997907 4.186614 4.302682 
2.151991 -4.296150 -4.180281 -3.991900 -3.738391 -3.430808 -3.084990 -2.723795 -2.381435 -2.111695 -1.671626 1.671626 2.111695 2.381435 2.723795 3.084990 3.430808 3.738391 3.991900 4.180281 4.296150 
2.167699 -4.289518 -4.173854 -3.985808 -3.732759 -3.425753 -3.080627 -2.720252 -2.378911 -2.110564 -1.654170 1.654170 2.110564 2.378911 2.720252 3.080627 3.425753 3.732759 3.985808 4.173854 4.289518 
2.183407 -4.282794 -4.167339 -3.979637 -3.727061 -3.420648 -3.076233 -2.716702 -2.376409 -2.109467 -1.636307 1.636307 2.109467 2.376409 2.716702 3.076233 3.420648 3.727061 3.979637 4.167339 4.282794 
2.199115 -4.275984 -4.160743 -3.973394 -3.721301 -3.415497 -3.071812 -2.713149 -2.373929 -2.108402 -1.618040 1.618040 2.108402 2.373929 2.713149 3.071812 3.415497 3.721301 3.973394 4.160743 4.275984 
2.214823 -4.269093 -4.154071 -3.967082 -3.715485 -3.410304 -3.067368 -2.709595 -2.371472 -2.107367 -1.599374 1.599374 2.107367 2.371472 2.709595 3.067368 3.410304 3.715485 3.967082 4.154071 4.269093 
2.230531 -4.262128 -4.147330 -3.960709 -3.709618 -3.405073 -3.062904 -2.706042 -2.369039 -2.106360 -1.580314 1.580314 2.106360 2.369039 2.706042 3.062904 3.405073 3.709618 3.960709 4.147330 4.262128 
2.246239 -4.255096 -4.140526 -3.954280 -3.703704 -3.399810 -3.058423 -2.702492 -2.366630 -2.105381 -1.560864 1.560864 2.105381 2.366630 2.702492 3.058423 3.399810 3.703704 3.954280 4.140526 4.255096 
2.261947 -4.248004 -4.133665 -3.947800 -3.697750 -3.394518 -3.053929 -2.698948 -2.364246 -2.104428 -1.541029 1.541029 2.104428 2.364246 2.698948 3.053929 3.394518 3.697750 3.947800 4.133665 4.248004 
2.277655 -4.240857 -4.126754 -3.941277 -3.691760 -3.389202 -3.049426 -2.695413 -2.361888 -2.103500 -1.520814 1.520814 2.103500 2.361888 2.695413 3.049426 3.389202 3.691760 3.941277 4.126754 4.240857 
2.293363 -4.233663 -4.119799 -3.934716 -3.685741 -3.383868 -3.044918 -2.691888 -2.359556 -2.102596 -1.500224 1.500224 2.102596 2.359556 2.691888 3.044918 3.383868 3.685741 3.934716 4.119799 4.233663 
2.309071 -4.226429 -4.112807 -3.928122 -3.679697 -3.378519 -3.040408 -2.688376 -2.357250 -2.101715 -1.479263 1.479263 2.101715 2.357250 2.688376 3.040408 3.378519 3.679697 3.928122 4.112807 4.226429 
2.324779 -4.219162 -4.105784 -3.921503 -3.673634 -3.373160 -3.035900 -2.684880 -2.354972 -2.100856 -1.457938 1.457938 2.100856 2.354972 2.684880 3.035900 3.373160 3.673634 3.921503 4.105784 4.219162 
2.340487 -4.211868 -4.098738 -3.914865 -3.667559 -3.367796 -3.031397 -2.681401 -2.352722 -2.100018 -1.436253 1.436253 2.100018 2.352722 2.681401 3.031397 3.367796 3.667559 3.914865 4.098738 4.211868 
2.356194 -4.204554 -4.091674 -3.908213 -3.661476 -3.362432 -3.026903 -2.677942 -2.350501 -2.099201 -1.414214 1.414214 2.099201 2.350501 2.677942 3.026903 3.362432 3.661476 3.908213 4.091674 4.204554 
2.371902 -4.197229 -4.084600 -3.901555 -3.655390 -3.357073 -3.022422 -2.674505 -2.348308 -2.098404 -1.391826 1.391826 2.098404 2.348308 2.674505 3.022422 3.357073 3.655390 3.901555 4.084600 4.197229 
2.387610 -4.189898 -4.077523 -3.894896 -3.649309 -3.351724 -3.017958 -2.671093 -2.346145 -2.097626 -1.369095 1.369095 2.097626 2.346145 2.671093 3.017958 3.351724 3.649309 3.894896 4.077523 4.189898 
2.403318 -4.182569 -4.070450 -3.888243 -3.643237 -3.346388 -3.013514 -2.667708 -2.344013 -2.096867 -1.346025 1.346025 2.096867 2.344013 2.667708 3.013514 3.346388 3.643237 3.888243 4.070450 4.182569 
2.419026 -4.175250 -4.063387 -3.881603 -3.637181 -3.341072 -3.009094 -2.664352 -2.341912 -2.096126 -1.322624 1.322624 2.096126 2.341912 2.664352 3.009094 3.341072 3.637181 3.881603 4.063387 4.175250 
2.434734 -4.167947 -4.056341 -3.874981 -3.631145 -3.335779 -3.004702 -2.661028 -2.339842 -2.095403 -1.298896 1.298896 2.095403 2.339842 2.661028 3.004702 3.335779 3.631145 3.874981 4.056341 4.167947 
2.450442 -4.160669 -4.049320 -3.868385 -3.625137 -3.330516 -3.000341 -2.657737 -2.337804 -2.094697 -1.274848 1.274848 2.094697 2.337804 2.657737 3.000341 3.330516 3.625137 3.868385 4.049320 4.160669 
2.466150 -4.153421 -4.042330 -3.861821 -3.619160 -3.325286 -2.996015 -2.654482 -2.335800 -2.094008 -1.250485 1.250485 2.094008 2.335800 2.654482 2.996015 3.325286 3.619160 3.861821 4.042330 4.153421 
2.481858 -4.146212 -4.035379 -3.855295 -3.613222 -3.320094 -2.991728 -2.651265 -2.333828 -2.093336 -1.225814 1.225814 2.093336 2.333828 2.651265 2.991728 3.320094 3.613222 3.855295 4.035379 4.146212 
2.497566 -4.139050 -4.028473 -3.848814 -3.607329 -3.314946 -2.987482 -2.648089 -2.331891 -2.092681 -1.200841 1.200841 2.092681 2.331891 2.648089 2.987482 3.314946 3.607329 3.848814 4.028473 4.139050 
2.513274 -4.131940 -4.021620 -3.842384 -3.601484 -3.309846 -2.983283 -2.644956 -2.329989 -2.092042 -1.175571 1.175571 2.092042 2.329989 2.644956 2.983283 3.309846 3.601484 3.842384 4.021620 4.131940 
2.528982 -4.124890 -4.014826 -3.836011 -3.595696 -3.304798 -2.979133 -2.641867 -2.328123 -2.091419 -1.150011 1.150011 2.091419 2.328123 2.641867 2.979133 3.304798 3.595696 3.836011 4.014826 4.124890 
2.544690 -4.117909 -4.008098 -3.829703 -3.589968 -3.299808 -2.975037 -2.638825 -2.326292 -2.090812 -1.124167 1.124167 2.090812 2.326292 2.638825 2.975037 3.299808 3.589968 3.829703 4.008098 4.117909 
2.560398 -4.111002 -4.001444 -3.823466 -3.584307 -3.294880 -2.970996 -2.635832 -2.324498 -2.090220 -1.098046 1.098046 2.090220 2.324498 2.635832 2.970996 3.294880 3.584307 3.823466 4.001444 4.111002 
2.576106 -4.104178 -3.994869 -3.817305 -3.578719 -3.290018 -2.967016 -2.632890 -2.322742 -2.089644 -1.071654 1.071654 2.089644 2.322742 2.632890 2.967016 3.290018 3.578719 3.817305 3.994869 4.104178 
2.591814 -4.097443 -3.988382 -3.811228 -3.573209 -3.285229 -2.963099 -2.630001 -2.321024 -2.089084 -1.044997 1.044997 2.089084 2.321024 2.630001 2.963099 3.285229 3.573209 3.811228 3.988382 4.097443 
2.607522 -4.090804 -3.981989 -3.805239 -3.567782 -3.280515 -2.959249 -2.627168 -2.319345 -2.088539 -1.018083 1.018083 2.088539 2.319345 2.627168 2.959249 3.280515 3.567782 3.805239 3.981989 4.090804 
2.623230 -4.084269 -3.975696 -3.799347 -3.562444 -3.275881 -2.955470 -2.624392 -2.317706 -2.088010 -0.990917 0.990917 2.088010 2.317706 2.624392 2.955470 3.275881 3.562444 3.799347 3.975696 4.084269 
2.638938 -4.077844 -3.969510 -3.793556 -3.557200 -3.271333 -2.951763 -2.621675 -2.316107 -2.087495 -0.963507 0.963507 2.087495 2.316107 2.621675 2.951763 3.271333 3.557200 3.793556 3.969510 4.077844 
2.654646 -4.071536 -3.963437 -3.787873 -3.552056 -3.266874 -2.948134 -2.619019 -2.314548 -2.086996 -0.935860 0.935860 2.086996 2.314548 2.619019 2.948134 3.266874 3.552056 3.787873 3.963437 4.071536 
2.670354 -4.065352 -3.957485 -3.782304 -3.547016 -3.262508 -2.944584 -2.616427 -2.313032 -2.086512 -0.907981 0.907981 2.086512 2.313032 2.616427 2.944584 3.262508 3.547016 3.782304 3.957485 4.065352 
2.686062 -4.059299 -3.951659 -3.776854 -3.542087 -3.258241 -2.941118 -2.613900 -2.311557 -2.086044 -0.879878 0.879878 2.086044 2.311557 2.613900 2.941118 3.258241 3.542087 3.776854 3.951659 4.059299 
2.701770 -4.053383 -3.945966 -3.771529 -3.537273 -3.254075 -2.937738 -2.611439 -2.310125 -2.085591 -0.851559 0.851559 2.085591 2.310125 2.611439 2.937738 3.254075 3.537273 3.771529 3.945966 4.053383 
2.717478 -4.047611 -3.940412 -3.766335 -3.532579 -3.250016 -2.934447 -2.609048 -2.308737 -2.085153 -0.823029 0.823029 2.085153 2.308737 2.609048 2.934447 3.250016 3.532579 3.766335 3.940412 4.047611 
2.733186 -4.041988 -3.935003 -3.761278 -3.528009 -3.246067 -2.931248 -2.606727 -2.307394 -2.084730 -0.794296 0.794296 2.084730 2.307394 2.606727 2.931248 3.246067 3.528009 3.761278 3.935003 4.041988 
2.748894 -4.036522 -3.929744 -3.756363 -3.523569 -3.242232 -2.928144 -2.604478 -2.306095 -2.084323 -0.765367 0.765367 2.084323 2.306095 2.604478 2.928144 3.242232 3.523569 3.756363 3.929744 4.036522 
2.764602 -4.031218 -3.924642 -3.751595 -3.519264 -3.238514 -2.925138 -2.602303 -2.304841 -2.083931 -0.736249 0.736249 2.083931 2.304841 2.602303 2.925138 3.238514 3.519264 3.751595 3.924642 4.031218 
2.780309 -4.026082 -3.919702 -3.746979 -3.515097 -3.234918 -2.922233 -2.600203 -2.303634 -2.083554 -0.706950 0.706950 2.083554 2.303634 2.600203 2.922233 3.234918 3.515097 3.746979 3.919702 4.026082 
2.796017 -4.021120 -3.914930 -3.742520 -3.511073 -3.231448 -2.919430 -2.598181 -2.302473 -2.083193 -0.677476 0.677476 2.083193 2.302473 2.598181 2.919430 3.231448 3.511073 3.742520 3.914930 4.021120 
2.811725 -4.016337 -3.910330 -3.738223 -3.507197 -3.228105 -2.916734 -2.596237 -2.301359 -2.082847 -0.647835 0.647835 2.082847 2.301359 2.596237 2.916734 3.228105 3.507197 3.738223 3.910330 4.016337 
2.827433 -4.011738 -3.905908 -3.734094 -3.503472 -3.224895 -2.914146 -2.594373 -2.300294 -2.082517 -0.618034 0.618034 2.082517 2.300294 2.594373 2.914146 3.224895 3.503472 3.734094 3.905908 4.011738 
2.843141 -4.007330 -3.901669 -3.730135 -3.499903 -3.221820 -2.911668 -2.592591 -2.299276 -2.082203 -0.588081 0.588081 2.082203 2.299276 2.592591 2.911668 3.221820 3.499903 3.730135 3.901669 4.007330 
2.858849 -4.003116 -3.897618 -3.726353 -3.496492 -3.218883 -2.909303 -2.590892 -2.298308 -2.081904 -0.557982 0.557982 2.081904 2.298308 2.590892 2.909303 3.218883 3.496492 3.726353 3.897618 4.003116 
2.874557 -3.999102 -3.893758 -3.722750 -3.493245 -3.216087 -2.907053 -2.589276 -2.297388 -2.081621 -0.527746 0.527746 2.081621 2.297388 2.589276 2.907053 3.216087 3.493245 3.722750 3.893758 3.999102 
2.890265 -3.995291 -3.890096 -3.719331 -3.490164 -3.213436 -2.904920 -2.587747 -2.296519 -2.081354 -0.497380 0.497380 2.081354 2.296519 2.587747 2.904920 3.213436 3.490164 3.719331 3.890096 3.995291 
2.905973 -3.991690 -3.886633 -3.716099 -3.487252 -3.210931 -2.902907 -2.586304 -2.295700 -2.081103 -0.466891 0.466891 2.081103 2.295700 2.586304 2.902907 3.210931 3.487252 3.716099 3.886633 3.991690 
2.921681 -3.988300 -3.883376 -3.713059 -3.484513 -3.208575 -2.901014 -2.584948 -2.294931 -2.080867 -0.436286 0.436286 2.080867 2.294931 2.584948 2.901014 3.208575 3.484513 3.713059 3.883376 3.988300 
2.937389 -3.985127 -3.880326 -3.710214 -3.481950 -3.206372 -2.899244 -2.583682 -2.294214 -2.080648 -0.405575 0.405575 2.080648 2.294214 2.583682 2.899244 3.206372 3.481950 3.710214 3.880326 3.985127 
2.953097 -3.982175 -3.877488 -3.707566 -3.479566 -3.204322 -2.897599 -2.582505 -2.293548 -2.080444 -0.374763 0.374763 2.080444 2.293548 2.582505 2.897599 3.204322 3.479566 3.707566 3.877488 3.982175 
2.968805 -3.979445 -3.874865 -3.705119 -3.477362 -3.202428 -2.896079 -2.581419 -2.292935 -2.080257 -0.343858 0.343858 2.080257 2.292935 2.581419 2.896079 3.202428 3.477362 3.705119 3.874865 3.979445 
2.984513 -3.976943 -3.872460 -3.702875 -3.475342 -3.200692 -2.894686 -2.580425 -2.292373 -2.080086 -0.312869 0.312869 2.080086 2.292373 2.580425 2.894686 3.200692 3.475342 3.702875 3.872460 3.976943 
3.000221 -3.974669 -3.870275 -3.700837 -3.473508 -3.199117 -2.893423 -2.579522 -2.291864 -2.079930 -0.281802 0.281802 2.079930 2.291864 2.579522 2.893423 3.199117 3.473508 3.700837 3.870275 3.974669 
3.015929 -3.972628 -3.868314 -3.699008 -3.471861 -3.197702 -2.892289 -2.578713 -2.291408 -2.079792 -0.250666 0.250666 2.079792 2.291408 2.578713 2.892289 3.197702 3.471861 3.699008 3.868314 3.972628 
3.031637 -3.970822 -3.866578 -3.697388 -3.470404 -3.196451 -2.891286 -2.577998 -2.291004 -2.079669 -0.219469 0.219469 2.079669 2.291004 2.577998 2.891286 3.196451 3.470404 3.697388 3.866578 3.970822 
3.047345 -3.969252 -3.865069 -3.695981 -3.469138 -3.195364 -2.890414 -2.577377 -2.290655 -2.079563 -0.188217 0.188217 2.079563 2.290655 2.577377 2.890414 3.195364 3.469138 3.695981 3.865069 3.969252 
3.063053 -3.967920 -3.863790 -3.694788 -3.468064 -3.194442 -2.889676 -2.576850 -2.290358 -2.079472 -0.156918 0.156918 2.079472 2.290358 2.576850 2.889676 3.194442 3.468064 3.694788 3.863790 3.967920 
3.078761 -3.966828 -3.862741 -3.693810 -3.467184 -3.193686 -2.889070 -2.576419 -2.290115 -2.079399 -0.125581 0.125581 2.079399 2.290115 2.576419 2.889070 3.193686 3.467184 3.693810 3.862741 3.966828 
3.094469 -3.965978 -3.861924 -3.693048 -3.466499 -3.193098 -2.888599 -2.576083 -2.289927 -2.079341 -0.094213 0.094213 2.079341 2.289927 2.576083 2.888599 3.193098 3.466499 3.693048 3.861924 3.965978 
3.110177 -3.965370 -3.861340 -3.692503 -3.466008 -3.192677 -2.888262 -2.575843 -2.289792 -2.079300 -0.062822 0.062822 2.079300 2.289792 2.575843 2.888262 3.192677 3.466008 3.692503 3.861340 3.965370 
3.125885 -3.965005 -3.860989 -3.692176 -3.465714 -3.192424 -2.888060 -2.575699 -2.289710 -2.079276 -0.031415 0.031415 2.079276 2.289710 2.575699 2.888060 3.192424 3.465714 3.692176 3.860989 3.965005 
3.141593 -3.964883 -3.860872 -3.692067 -3.465616 -3.192340 -2.887992 -2.575651 -2.289683 -2.079268 -0.000045 0.000045 2.079268 2.289683 2.575651 2.887992 3.192340 3.465616 3.692067 3.860872 3.964883 
3.157301 -3.965005 -3.860989 -3.692176 -3.465714 -3.192424 -2.888060 -2.575699 -2.289710 -2.079276 -0.031415 0.031415 2.079276 2.289710 2.575699 2.888060 3.192424 3.465714 3.692176 3.860989 3.965005 
3.173009 -3.965370 -3.861340 -3.692503 -3.466008 -3.192677 -2.888262 -2.575843 -2.289792 -2.079300 -0.062822 0.062822 2.079300 2.289792 2.575843 2.888262 3.192677 3.466008 3.692503 3.861340 3.965370 
3.188717 -3.965978 -3.861924 -3.693048 -3.466499 -3.193098 -2.888599 -2.576083 -2.289927 -2.079341 -0.094213 0.094213 2.079341 2.289927 2.576083 2.888599 3.193098 3.466499 3.693048 3.861924 3.965978 
3.204425 -3.966828 -3.862741 -3.693810 -3.467184 -3.193686 -2.889070 -2.576419 -2.290115 -2.079399 -0.125581 0.125581 2.079399 2.290115 2.576419 2.889070 3.193686 3.467184 3.693810 3.862741 3.966828 
3.220132 -3.967920 -3.863790 -3.694788 -3.468064 -3.194442 -2.889676 -2.576850 -2.290358 -2.079472 -0.156918 0.156918 2.079472 2.290358 2.576850 2.889676 3.194442 3.468064 3.694788 3.863790 3.967920 
3.235840 -3.969252 -3.865069 -3.695981 -3.469138 -3.195364 -2.890414 -2.577377 -2.290655 -2.079563 -0.188217 0.188217 2.079563 2.290655 2.577377 2.890414 3.195364 3.469138 3.695981 3.865069 3.969252 
3.251548 -3.970822 -3.866578 -3.697388 -3.470404 -3.196451 -2.891286 -2.577998 -2.291004 -2.079669 -0.219469 0.219469 2.079669 2.291004 2.577998 2.891286 3.196451 3.470404 3.697388 3.866578 3.970822 
3.267256 -3.972628 -3.868314 -3.699008 -3.471861 -3.197702 -2.892289 -2.578713 -2.291408 -2.079792 -0.250666 0.250666 2.079792 2.291408 2.578713 2.892289 3.197702 3.471861 3.699008 3.868314 3.972628 
3.282964 -3.974669 -3.870275 -3.700837 -3.473508 -3.199117 -2.893423 -2.579522 -2.291864 -2.079930 -0.281802 0.281802 2.079930 2.291864 2.579522 2.893423 3.199117 3.473508 3.700837 3.870275 3.974669 
3.298672 -3.976943 -3.872460 -3.702875 -3.475342 -3.200692 -2.894686 -2.580425 -2.292373 -2.080086 -0.312869 0.312869 2.080086 2.292373 2.580425 2.894686 3.200692 3.475342 3.702875 3.872460 3.976943 
3.314380 -3.979445 -3.874865 -3.705119 -3.477362 -3.202428 -2.896079 -2.581419 -2.292935 -2.080257 -0.343858 0.343858 2.080257 2.292935 2.581419 2.896079 3.202428 3.477362 3.705119 3.874865 3.979445 
3.330088 -3.982175 -3.877488 -3.707566 -3.479566 -3.204322 -2.897599 -2.582505 -2.293548 -2.080444 -0.374763 0.374763 2.080444 2.293548 2.582505 2.897599 3.204322 3.479566 3.707566 3.877488 3.982175 
3.345796 -3.985127 -3.880326 -3.710214 -3.481950 -3.206372 -2.899244 -2.583682 -2.294214 -2.080648 -0.405575 0.405575 2.080648 2.294214 2.583682 2.899244 3.206372 3.481950 3.710214 3.880326 3.985127 
3.361504 -3.988300 -3.883376 -3.713059 -3.484513 -3.208575 -2.901014 -2.584948 -2.294931 -2.080867 -0.436286 0.436286 2.080867 2.294931 2.584948 2.901014 3.208575 3.484513 3.713059 3.883376 3.988300 
3.377212 -3.991690 -3.886633 -3.716099 -3.487252 -3.210931 -2.902907 -2.586304 -2.295700 -2.081103 -0.466891 0.466891 2.081103 2.295700 2.586304 2.902907 3.210931 3.487252 3.716099 3.886633 3.991690 
3.392920 -3.995291 -3.890096 -3.719331 -3.490164 -3.213436 -2.904920 -2.587747 -2.296519 -2.081354 -0.497380 0.497380 2.081354 2.296519 2.587747 2.904920 3.213436 3.490164 3.719331 3.890096 3.995291 
3.408628 -3.999102 -3.893758 -3.722750 -3.493245 -3.216087 -2.907053 -2.589276 -2.297388 -2.081621 -0.527746 0.527746 2.081621 2.297388 2.589276 2.907053 3.216087 3.493245 3.722750 3.893758 3.999102 
3.424336 -4.003116 -3.897618 -3.726353 -3.496492 -3.218883 -2.909303 -2.590892 -2.298308 -2.081904 -0.557982 0.557982 2.081904 2.298308 2.590892 2.909303 3.218883 3.496492 3.726353 3.897618 4.003116 
3.440044 -4.007330 -3.901669 -3.730135 -3.499903 -3.221820 -2.911668 -2.592591 -2.299276 -2.082203 -0.588081 0.588081 2.082203 2.299276 2.592591 2.911668 3.221820 3.499903 3.730135 3.901669 4.007330 
3.455752 -4.011738 -3.905908 -3.734094 -3.503472 -3.224895 -2.914146 -2.594373 -2.300294 -2.082517 -0.618034 0.618034 2.082517 2.300294 2.594373 2.914146 3.224895 3.503472 3.734094 3.905908 4.011738 
3.471460 -4.016337 -3.910330 -3.738223 -3.507197 -3.228105 -2.916734 -2.596237 -2.301359 -2.082847 -0.647835 0.647835 2.082847 2.301359 2.596237 2.916734 3.228105 3.507197 3.738223 3.910330 4.016337 
3.487168 -4.021120 -3.914930 -3.742520 -3.511073 -3.231448 -2.919430 -2.598181 -2.302473 -2.083193 -0.677476 0.677476 2.083193 2.302473 2.598181 2.919430 3.231448 3.511073 3.742520 3.914930 4.021120 
3.502876 -4.026082 -3.919702 -3.746979 -3.515097 -3.234918 -2.922233 -2.600203 -2.303634 -2.083554 -0.706950 0.706950 2.083554 2.303634 2.600203 2.922233 3.234918 3.515097 3.746979 3.919702 4.026082 
3.518584 -4.031218 -3.924642 -3.751595 -3.519264 -3.238514 -2.925138 -2.602303 -2.304841 -2.083931 -0.736249 0.736249 2.083931 2.304841 2.602303 2.925138 3.238514 3.519264 3.751595 3.924642 4.031218 
3.534292 -4.036522 -3.929744 -3.756363 -3.523569 -3.242232 -2.928144 -2.604478 -2.306095 -2.084323 -0.765367 0.765367 2.084323 2.306095 2.604478 2.928144 3.242232 3.523569 3.756363 3.929744 4.036522 
3.550000 -4.041988 -3.935003 -3.761278 -3.528009 -3.246067 -2.931248 -2.606727 -2.307394 -2.084730 -0.794296 0.794296 2.084730 2.307394 2.606727 2.931248 3.246067 3.528009 3.761278 3.935003 4.041988 
3.565708 -4.047611 -3.940412 -3.766335 -3.532579 -3.250016 -2.934447 -2.609048 -2.308737 -2.085153 -0.823029 0.823029 2.085153 2.308737 2.609048 2.934447 3.250016 3.532579 3.766335 3.940412 4.047611 
3.581416 -4.053383 -3.945966 -3.771529 -3.537273 -3.254075 -2.937738 -2.611439 -2.310125 -2.085591 -0.851559 0.851559 2.085591 2.310125 2.611439 2.937738 3.254075 3.537273 3.771529 3.945966 4.053383 
3.597124 -4.059299 -3.951659 -3.776854 -3.542087 -3.258241 -2.941118 -2.613900 -2.311557 -2.086044 -0.879878 0.879878 2.086044 2.311557 2.613900 2.941118 3.258241 3.542087 3.776854 3.951659 4.059299 
3.612832 -4.065352 -3.957485 -3.782304 -3.547016 -3.262508 -2.944584 -2.616427 -2.313032 -2.086512 -0.907981 0.907981 2.086512 2.313032 2.616427 2.944584 3.262508 3.547016 3.782304 3.957485 4.065352 
3.628540 -4.071536 -3.963437 -3.787873 -3.552056 -3.266874 -2.948134 -2.619019 -2.314548 -2.086996 -0.935860 0.935860 2.086996 2.314548 2.619019 2.948134 3.266874 3.552056 3.787873 3.963437 4.071536 
3.644247 -4.077844 -3.969510 -3.793556 -3.557200 -3.271333 -2.951763 -2.621675 -2.316107 -2.087495 -0.963507 0.963507 2.087495 2.316107 2.621675 2.951763 3.271333 3.557200 3.793556 3.969510 4.077844 
3.659955 -4.084269 -3.975696 -3.799347 -3.562444 -3.275881 -2.955470 -2.624392 -2.317706 -2.088010 -0.990917 0.990917 2.088010 2.317706 2.624392 2.955470 3.275881 3.562444 3.799347 3.975696 4.084269 
3.675663 -4.090804 -3.981989 -3.805239 -3.567782 -3.280515 -2.959249 -2.627168 -2.319345 -2.088539 -1.018083 1.018083 2.088539 2.319345 2.627168 2.959249 3.280515 3.567782 3.805239 3.981989 4.090804 
3.691371 -4.097443 -3.988382 -3.811228 -3.573209 -3.285229 -2.963099 -2.630001 -2.321024 -2.089084 -1.044997 1.044997 2.089084 2.321024 2.630001 2.963099 3.285229 3.573209 3.811228 3.988382 4.097443 
3.707079 -4.104178 -3.994869 -3.817305 -3.578719 -3.290018 -2.967016 -2.632890 -2.322742 -2.089644 -1.071654 1.071654 2.089644 2.322742 2.632890 2.967016 3.290018 3.578719 3.817305 3.994869 4.104178 
3.722787 -4.111002 -4.001444 -3.823466 -3.584307 -3.294880 -2.970996 -2.635832 -2.324498 -2.090220 -1.098046 1.098046 2.090220 2.324498 2.635832 2.970996 3.294880 3.584307 3.823466 4.001444 4.111002 
3.738495 -4.117909 -4.008098 -3.829703 -3.589968 -3.299808 -2.975037 -2.638825 -2.326292 -2.090812 -1.124167 1.124167 2.090812 2.326292 2.638825 2.975037 3.299808 3.589968 3.829703 4.008098 4.117909 
3.754203 -4.124890 -4.014826 -3.836011 -3.595696 -3.304798 -2.979133 -2.641867 -2.328123 -2.091419 -1.150011 1.150011 2.091419 2.328123 2.641867 2.979133 3.304798 3.595696 3.836011 4.014826 4.124890 
3.769911 -4.131940 -4.021620 -3.842384 -3.601484 -3.309846 -2.983283 -2.644956 -2.329989 -2.092042 -1.175571 1.175571 2.092042 2.329989 2.644956 2.983283 3.309846 3.601484 3.842384 4.021620 4.131940 
3.785619 -4.139050 -4.028473 -3.848814 -3.607329 -3.314946 -2.987482 -2.648089 -2.331891 -2.092681 -1.200841 1.200841 2.092681 2.331891 2.648089 2.987482 3.314946 3.607329 3.848814 4.028473 4.139050 
3.801327 -4.146212 -4.035379 -3.855295 -3.613222 -3.320094 -2.991728 -2.651265 -2.333828 -2.093336 -1.225814 1.225814 2.093336 2.333828 2.651265 2.991728 3.320094 3.613222 3.855295 4.035379 4.146212 
3.817035 -4.153421 -4.042330 -3.861821 -3.619160 -3.325286 -2.996015 -2.654482 -2.335800 -2.094008 -1.250485 1.250485 2.094008 2.335800 2.654482 2.996015 3.325286 3.619160 3.861821 4.042330 4.153421 
3.832743 -4.160669 -4.049320 -3.868385 -3.625137 -3.330516 -3.000341 -2.657737 -2.337804 -2.094697 -1.274848 1.274848 2.094697 2.337804 2.657737 3.000341 3.330516 3.625137 3.868385 4.049320 4.160669 
3.848451 -4.167947 -4.056341 -3.874981 -3.631145 -3.335779 -3.004702 -2.661028 -2.339842 -2.095403 -1.298896 1.298896 2.095403 2.339842 2.661028 3.004702 3.335779 3.631145 3.874981 4.056341 4.167947 
3.864159 -4.175250 -4.063387 -3.881603 -3.637181 -3.341072 -3.009094 -2.664352 -2.341912 -2.096126 -1.322624 1.322624 2.096126 2.341912 2.664352 3.009094 3.341072 3.637181 3.881603 4.063387 4.175250 
3.879867 -4.182569 -4.070450 -3.888243 -3.643237 -3.346388 -3.013514 -2.667708 -2.344013 -2.096867 -1.346025 1.346025 2.096867 2.344013 2.667708 3.013514 3.346388 3.643237 3.888243 4.070450 4.182569 
3.895575 -4.189898 -4.077523 -3.894896 -3.649309 -3.351724 -3.017958 -2.671093 -2.346145 -2.097626 -1.369095 1.369095 2.097626 2.346145 2.671093 3.017958 3.351724 3.649309 3.894896 4.077523 4.189898 
3.911283 -4.197229 -4.084600 -3.901555 -3.655390 -3.357073 -3.022422 -2.674505 -2.348308 -2.098404 -1.391826 1.391826 2.098404 2.348308 2.674505 3.022422 3.357073 3.655390 3.901555 4.084600 4.197229 
3.926991 -4.204554 -4.091674 -3.908213 -3.661476 -3.362432 -3.026903 -2.677942 -2.350501 -2.099201 -1.414214 1.414214 2.099201 2.350501 2.677942 3.026903 3.362432 3.661476 3.908213 4.091674 4.204554 
3.942699 -4.211868 -4.098738 -3.914865 -3.667559 -3.367796 -3.031397 -2.681401 -2.352722 -2.100018 -1.436253 1.436253 2.100018 2.352722 2.681401 3.031397 3.367796 3.667559 3.914865 4.098738 4.211868 
3.958407 -4.219162 -4.105784 -3.921503 -3.673634 -3.373160 -3.035900 -2.684880 -2.354972 -2.100856 -1.457938 1.457938 2.100856 2.354972 2.684880 3.035900 3.373160 3.673634 3.921503 4.105784 4.219162 
3.974115 -4.226429 -4.112807 -3.928122 -3.679697 -3.378519 -3.040408 -2.688376 -2.357250 -2.101715 -1.479263 1.479263 2.101715 2.357250 2.688376 3.040408 3.378519 3.679697 3.928122 4.112807 4.226429 
3.989823 -4.233663 -4.119799 -3.934716 -3.685741 -3.383868 -3.044918 -2.691888 -2.359556 -2.102596 -1.500224 1.500224 2.102596 2.359556 2.691888 3.044918 3.383868 3.685741 3.934716 4.119799 4.233663 
4.005531 -4.240857 -4.126754 -3.941277 -3.691760 -3.389202 -3.049426 -2.695413 -2.361888 -2.103500 -1.520814 1.520814 2.103500 2.361888 2.695413 3.049426 3.389202 3.691760 3.941277 4.126754 4.240857 
4.021239 -4.248004 -4.133665 -3.947800 -3.697750 -3.394518 -3.053929 -2.698948 -2.364246 -2.104428 -1.541029 1.541029 2.104428 2.364246 2.698948 3.053929 3.394518 3.697750 3.947800 4.133665 4.248004 
4.036947 -4.255096 -4.140526 -3.954280 -3.703704 -3.399810 -3.058423 -2.702492 -2.366630 -2.105381 -1.560864 1.560864 2.105381 2.366630 2.702492 3.058423 3.399810 3.703704 3.954280 4.140526 4.255096 
4.052655 -4.262128 -4.147330 -3.960709 -3.709618 -3.405073 -3.062904 -2.706042 -2.369039 -2.106360 -1.580314 1.580314 2.106360 2.369039 2.706042 3.062904 3.405073 3.709618 3.960709 4.147330 4.262128 
4.068362 -4.269093 -4.154071 -3.967082 -3.715485 -3.410304 -3.067368 -2.709595 -2.371472 -2.107367 -1.599374 1.599374 2.107367 2.371472 2.709595 3.067368 3.410304 3.715485 3.967082 4.154071 4.269093 
4.084070 -4.275984 -4.160743 -3.973394 -3.721301 -3.415497 -3.071812 -2.713149 -2.373929 -2.108402 -1.618040 1.618040 2.108402 2.373929 2.713149 3.071812 3.415497 3.721301 3.973394 4.160743 4.275984 
4.099778 -4.282794 -4.167339 -3.979637 -3.727061 -3.420648 -3.076233 -2.716702 -2.376409 -2.109467 -1.636307 1.636307 2.109467 2.376409 2.716702 3.076233 3.420648 3.727061 3.979637 4.167339 4.282794 
4.115486 -4.289518 -4.173854 -3.985808 -3.732759 -3.425753 -3.080627 -2.720252 -2.378911 -2.110564 -1.654170 1.654170 2.110564 2.378911 2.720252 3.080627 3.425753 3.732759 3.985808 4.173854 4.289518 
4.131194 -4.296150 -4.180281 -3.991900 -3.738391 -3.430808 -3.084990 -2.723795 -2.381435 -2.111695 -1.671626 1.671626 2.111695 2.381435 2.723795 3.084990 3.430808 3.738391 3.991900 4.180281 4.296150 
4.146902 -4.302682 -4.186614 -3.997907 -3.743951 -3.435807 -3.089318 -2.727330 -2.383980 -2.112861 -1.688670 1.688670 2.112861 2.383980 2.727330 3.089318 3.435807 3.743951 3.997907 4.186614 4.302682 
4.162610 -4.309110 -4.192849 -4.003824 -3.749434 -3.440747 -3.093609 -2.730854 -2.386546 -2.114063 -1.705299 1.705299 2.114063 2.386546 2.730854 3.093609 3.440747 3.749434 4.003824 4.192849 4.309110 
4.178318 -4.315427 -4.198979 -4.009647 -3.754836 -3.445623 -3.097860 -2.734365 -2.389130 -2.115305 -1.721507 1.721507 2.115305 2.389130 2.734365 3.097860 3.445623 3.754836 4.009647 4.198979 4.315427 
4.194026 -4.321628 -4.204998 -4.015369 -3.760153 -3.450432 -3.102065 -2.737860 -2.391734 -2.116588 -1.737292 1.737292 2.116588 2.391734 2.737860 3.102065 3.450432 3.760153 4.015369 4.204998 4.321628 
4.209734 -4.327707 -4.210902 -4.020986 -3.765378 -3.455169 -3.106223 -2.741336 -2.394355 -2.117915 -1.752650 1.752650 2.117915 2.394355 2.741336 3.106223 3.455169 3.765378 4.020986 4.210902 4.327707 
4.225442 -4.333658 -4.216685 -4.026493 -3.770508 -3.459831 -3.110330 -2.744793 -2.396992 -2.119287 -1.767578 1.767578 2.119287 2.396992 2.744793 3.110330 3.459831 3.770508 4.026493 4.216685 4.333658 
4.241150 -4.339477 -4.222342 -4.031884 -3.775539 -3.464413 -3.114383 -2.748226 -2.399645 -2.120708 -1.782073 1.782073 2.120708 2.399645 2.748226 3.114383 3.464413 3.775539 4.031884 4.222342 4.339477 
4.256858 -4.345158 -4.227867 -4.037156 -3.780466 -3.468912 -3.118378 -2.751633 -2.402313 -2.122180 -1.796131 1.796131 2.122180 2.402313 2.751633 3.118378 3.468912 3.780466 4.037156 4.227867 4.345158 
4.272566 -4.350696 -4.233257 -4.042304 -3.785284 -3.473324 -3.122312 -2.755013 -2.404994 -2.123704 -1.809750 1.809750 2.123704 2.404994 2.755013 3.122312 3.473324 3.785284 4.042304 4.233257 4.350696 
4.288274 -4.356086 -4.238506 -4.047323 -3.789991 -3.477645 -3.126182 -2.758362 -2.407686 -2.125285 -1.822928 1.822928 2.125285 2.407686 2.758362 3.126182 3.477645 3.789991 4.047323 4.238506 4.356086 
4.303982 -4.361324 -4.243610 -4.052208 -3.794581 -3.481872 -3.129986 -2.761678 -2.410389 -2.126924 -1.835662 1.835662 2.126924 2.410389 2.761678 3.129986 3.481872 3.794581 4.052208 4.243610 4.361324 
4.319690 -4.366404 -4.248564 -4.056957 -3.799051 -3.486001 -3.133719 -2.764958 -2.413102 -2.128623 -1.847952 1.847952 2.128623 2.413102 2.764958 3.133719 3.486001 3.799051 4.056957 4.248564 4.366404 
4.335398 -4.371323 -4.253364 -4.061563 -3.803398 -3.490029 -3.137380 -2.768201 -2.415821 -2.130386 -1.859797 1.859797 2.130386 2.415821 2.768201 3.137380 3.490029 3.803398 4.061563 4.253364 4.371323 
4.351106 -4.376076 -4.258005 -4.066025 -3.807617 -3.493953 -3.140964 -2.771403 -2.418546 -2.132215 -1.871195 1.871195 2.132215 2.418546 2.771403 3.140964 3.493953 3.807617 4.066025 4.258005 4.376076 
4.366814 -4.380658 -4.262485 -4.070337 -3.811705 -3.497769 -3.144471 -2.774563 -2.421275 -2.134110 -1.882147 1.882147 2.134110 2.421275 2.774563 3.144471 3.497769 3.811705 4.070337 4.262485 4.380658 
4.382522 -4.385067 -4.266799 -4.074496 -3.815658 -3.501474 -3.147895 -2.777677 -2.424005 -2.136074 -1.892653 1.892653 2.136074 2.424005 2.777677 3.147895 3.501474 3.815658 4.074496 4.266799 4.385067 
4.398230 -4.389298 -4.270942 -4.078499 -3.819474 -3.505066 -3.151236 -2.780743 -2.426735 -2.138109 -1.902716 1.902716 2.138109 2.426735 2.780743 3.151236 3.505066 3.819474 4.078499 4.270942 4.389298 
4.413938 -4.393348 -4.274913 -4.082343 -3.823149 -3.508540 -3.154489 -2.783759 -2.429462 -2.140214 -1.912338 1.912338 2.140214 2.429462 2.783759 3.154489 3.508540 3.823149 4.082343 4.274913 4.393348 
4.429646 -4.397213 -4.278707 -4.086023 -3.826680 -3.511896 -3.157654 -2.786723 -2.432184 -2.142389 -1.921521 1.921521 2.142389 2.432184 2.786723 3.157654 3.511896 3.826680 4.086023 4.278707 4.397213 
4.445354 -4.400889 -4.282321 -4.089537 -3.830064 -3.515129 -3.160726 -2.789631 -2.434899 -2.144635 -1.930271 1.930271 2.144635 2.434899 2.789631 3.160726 3.515129 3.830064 4.089537 4.282321 4.400889 
4.461062 -4.404374 -4.285752 -4.092883 -3.833299 -3.518238 -3.163704 -2.792481 -2.437603 -2.146950 -1.938594 1.938594 2.146950 2.437603 2.792481 3.163704 3.518238 3.833299 4.092883 4.285752 4.404374 
4.476770 -4.407665 -4.288997 -4.096056 -3.836381 -3.521219 -3.166585 -2.795272 -2.440294 -2.149330 -1.946494 1.946494 2.149330 2.440294 2.795272 3.166585 3.521219 3.836381 4.096056 4.288997 4.407665 
4.492477 -4.410758 -4.292054 -4.099056 -3.839309 -3.524071 -3.169367 -2.798000 -2.442969 -2.151775 -1.953982 1.953982 2.151775 2.442969 2.798000 3.169367 3.524071 3.839309 4.099056 4.292054 4.410758 
4.508185 -4.413652 -4.294919 -4.101878 -3.842080 -3.526791 -3.172048 -2.800664 -2.445626 -2.154278 -1.961065 1.961065 2.154278 2.445626 2.800664 3.172048 3.526791 3.842080 4.101878 4.294919 4.413652 
4.523893 -4.416344 -4.297591 -4.104521 -3.844692 -3.529377 -3.174626 -2.803261 -2.448260 -2.156836 -1.967755 1.967755 2.156836 2.448260 2.803261 3.174626 3.529377 3.844692 4.104521 4.297591 4.416344 
4.539601 -4.418831 -4.300067 -4.106983 -3.847142 -3.531827 -3.177098 -2.805788 -2.450870 -2.159443 -1.974061 1.974061 2.159443 2.450870 2.805788 3.177098 3.531827 3.847142 4.106983 4.300067 4.418831 
4.555309 -4.421111 -4.302346 -4.109262 -3.849429 -3.534139 -3.179463 -2.808244 -2.453451 -2.162092 -1.979998 1.979998 2.162092 2.453451 2.808244 3.179463 3.534139 3.849429 4.109262 4.302346 4.421111 
4.571017 -4.423183 -4.304424 -4.111356 -3.851551 -3.536311 -3.181719 -2.810627 -2.456002 -2.164775 -1.985578 1.985578 2.164775 2.456002 2.810627 3.181719 3.536311 3.851551 4.111356 4.304424 4.423183 
4.586725 -4.425045 -4.306302 -4.113262 -3.853506 -3.538342 -3.183864 -2.812933 -2.458517 -2.167486 -1.990815 1.990815 2.167486 2.458517 2.812933 3.183864 3.538342 3.853506 4.113262 4.306302 4.425045 
4.602433 -4.426695 -4.307976 -4.114981 -3.855293 -3.540231 -3.185896 -2.815162 -2.460995 -2.170215 -1.995725 1.995725 2.170215 2.460995 2.815162 3.185896 3.540231 3.855293 4.114981 4.307976 4.426695 
4.618141 -4.428132 -4.309446 -4.116509 -3.856911 -3.541975 -3.187814 -2.817311 -2.463432 -2.172955 -2.000322 2.000322 2.172955 2.463432 2.817311 3.187814 3.541975 3.856911 4.116509 4.309446 4.428132 
4.633849 -4.429354 -4.310711 -4.117847 -3.858357 -3.543573 -3.189616 -2.819379 -2.465824 -2.175696 -2.004622 2.004622 2.175696 2.465824 2.819379 3.189616 3.543573 3.858357 4.117847 4.310711 4.429354 
4.649557 -4.430361 -4.311769 -4.118992 -3.859632 -3.545024 -3.191301 -2.821362 -2.468169 -2.178429 -2.008641 2.008641 2.178429 2.468169 2.821362 3.191301 3.545024 3.859632 4.118992 4.311769 4.430361 
4.665265 -4.431152 -4.312619 -4.119945 -3.860734 -3.546328 -3.192868 -2.823261 -2.470463 -2.181147 -2.012395 2.012395 2.181147 2.470463 2.823261 3.192868 3.546328 3.860734 4.119945 4.312619 4.431152 
4.680973 -4.431726 -4.313262 -4.120704 -3.861662 -3.547483 -3.194315 -2.825072 -2.472704 -2.183840 -2.015898 2.015898 2.183840 2.472704 2.825072 3.194315 3.547483 3.861662 4.120704 4.313262 4.431726 
4.696681 -4.432082 -4.313695 -4.121270 -3.862416 -3.548488 -3.195642 -2.826795 -2.474887 -2.186500 -2.019167 2.019167 2.186500 2.474887 2.826795 3.195642 3.548488 3.862416 4.121270 4.313695 4.432082 
4.712389 -4.432221 -4.313921 -4.121640 -3.862995 -3.549344 -3.196847 -2.828427 -2.477011 -2.189121 -2.022215 2.022215 2.189121 2.477011 2.828427 3.196847 3.549344 3.862995 4.121640 4.313921 4.432221 
4.728097 -4.432142 -4.313937 -4.121816 -3.863399 -3.550048 -3.197930 -2.829968 -2.479073 -2.191694 -2.025057 2.025057 2.191694 2.479073 2.829968 3.197930 3.550048 3.863399 4.121816 4.313937 4.432142 
4.743805 -4.431845 -4.313743 -4.121797 -3.863627 -3.550602 -3.198890 -2.831415 -2.481070 -2.194214 -2.027706 2.027706 2.194214 2.481070 2.831415 3.198890 3.550602 3.863627 4.121797 4.313743 4.431845 
4.759513 -4.431332 -4.313342 -4.121584 -3.863681 -3.551004 -3.199726 -2.832769 -2.482999 -2.196676 -2.030174 2.030174 2.196676 2.482999 2.832769 3.199726 3.551004 3.863681 4.121584 4.313342 4.431332 
4.775221 -4.430601 -4.312731 -4.121176 -3.863559 -3.551254 -3.200438 -2.834027 -2.484858 -2.199073 -2.032475 2.032475 2.199073 2.484858 2.834027 3.200438 3.551254 3.863559 4.121176 4.312731 4.430601 
4.790929 -4.429653 -4.311913 -4.120574 -3.863262 -3.551353 -3.201025 -2.835189 -2.486646 -2.201401 -2.034619 2.034619 2.201401 2.486646 2.835189 3.201025 3.551353 3.863262 4.120574 4.311913 4.429653 
4.806637 -4.428490 -4.310888 -4.119779 -3.862791 -3.551301 -3.201487 -2.836253 -2.488359 -2.203657 -2.036617 2.036617 2.203657 2.488359 2.836253 3.201487 3.551301 3.862791 4.119779 4.310888 4.428490 
4.822345 -4.427113 -4.309657 -4.118791 -3.862145 -3.551098 -3.201825 -2.837219 -2.489996 -2.205837 -2.038479 2.038479 2.205837 2.489996 2.837219 3.201825 3.551098 3.862145 4.118791 4.309657 4.427113 
4.838053 -4.425522 -4.308220 -4.117612 -3.861327 -3.550744 -3.202037 -2.838086 -2.491556 -2.207939 -2.040215 2.040215 2.207939 2.491556 2.838086 3.202037 3.550744 3.861327 4.117612 4.308220 4.425522 
4.853761 -4.423720 -4.306580 -4.116242 -3.860336 -3.550239 -3.202124 -2.838855 -2.493036 -2.209960 -2.041832 2.041832 2.209960 2.493036 2.838855 3.202124 3.550239 3.860336 4.116242 4.306580 4.423720 
4.869469 -4.421706 -4.304737 -4.114683 -3.859173 -3.549586 -3.202086 -2.839523 -2.494436 -2.211899 -2.043338 2.043338 2.211899 2.494436 2.839523 3.202086 3.549586 3.859173 4.114683 4.304737 4.421706 
4.885177 -4.419484 -4.302693 -4.112936 -3.857841 -3.548783 -3.201925 -2.840091 -2.495755 -2.213755 -2.044743 2.044743 2.213755 2.495755 2.840091 3.201925 3.548783 3.857841 4.112936 4.302693 4.419484 
4.900885 -4.417055 -4.300450 -4.111003 -3.856339 -3.547833 -3.201639 -2.840559 -2.496991 -2.215526 -2.046051 2.046051 2.215526 2.496991 2.840559 3.201639 3.547833 3.856339 4.111003 4.300450 4.417055 
4.916593 -4.414422 -4.298010 -4.108885 -3.854670 -3.546737 -3.201229 -2.840927 -2.498144 -2.217213 -2.047269 2.047269 2.217213 2.498144 2.840927 3.201229 3.546737 3.854670 4.108885 4.298010 4.414422 
4.932300 -4.411585 -4.295376 -4.106585 -3.852836 -3.545495 -3.200697 -2.841194 -2.499213 -2.218815 -2.048403 2.048403 2.218815 2.499213 2.841194 3.200697 3.545495 3.852836 4.106585 4.295376 4.411585 
4.948008 -4.408549 -4.292548 -4.104104 -3.850837 -3.544109 -3.200043 -2.841361 -2.500197 -2.220333 -2.049460 2.049460 2.220333 2.500197 2.841361 3.200043 3.544109 3.850837 4.104104 4.292548 4.408549 
4.963716 -4.405315 -4.289530 -4.101445 -3.848676 -3.542580 -3.199269 -2.841429 -2.501097 -2.221767 -2.050442 2.050442 2.221767 2.501097 2.841429 3.199269 3.542580 3.848676 4.101445 4.289530 4.405315 
4.979424 -4.401886 -4.286325 -4.098610 -3.846355 -3.540910 -3.198374 -2.841397 -2.501913 -2.223118 -2.051356 2.051356 2.223118 2.501913 2.841397 3.198374 3.540910 3.846355 4.098610 4.286325 4.401886 
4.995132 -4.398265 -4.282935 -4.095601 -3.843876 -3.539101 -3.197361 -2.841266 -2.502643 -2.224386 -2.052205 2.052205 2.224386 2.502643 2.841266 3.197361 3.539101 3.843876 4.095601 4.282935 4.398265 
5.010840 -4.394456 -4.279363 -4.092422 -3.841241 -3.537155 -3.196230 -2.841037 -2.503290 -2.225574 -2.052994 2.052994 2.225574 2.503290 2.841037 3.196230 3.537155 3.841241 4.092422 4.279363 4.394456 
5.026548 -4.390461 -4.275612 -4.089076 -3.838454 -3.535073 -3.194983 -2.840711 -2.503852 -2.226681 -2.053725 2.053725 2.226681 2.503852 2.840711 3.194983 3.535073 3.838454 4.089076 4.275612 4.390461 
5.042256 -4.386284 -4.271686 -4.085564 -3.835516 -3.532859 -3.193623 -2.840289 -2.504331 -2.227710 -2.054403 2.054403 2.227710 2.504331 2.840289 3.193623 3.532859 3.835516 4.085564 4.271686 4.386284 
5.057964 -4.381929 -4.267588 -4.081891 -3.832430 -3.530513 -3.192149 -2.839771 -2.504727 -2.228662 -2.055030 2.055030 2.228662 2.504727 2.839771 3.192149 3.530513 3.832430 4.081891 4.267588 4.381929 
5.073672 -4.377400 -4.263321 -4.078060 -3.829200 -3.528039 -3.190564 -2.839159 -2.505041 -2.229539 -2.055610 2.055610 2.229539 2.505041 2.839159 3.190564 3.528039 3.829200 4.078060 4.263321 4.377400 
5.089380 -4.372699 -4.258890 -4.074073 -3.825828 -3.525439 -3.188871 -2.838454 -2.505274 -2.230342 -2.056144 2.056144 2.230342 2.505274 2.838454 3.188871 3.525439 3.825828 4.074073 4.258890 4.372699 
5.105088 -4.367833 -4.254298 -4.069936 -3.822317 -3.522715 -3.187070 -2.837658 -2.505427 -2.231073 -2.056637 2.056637 2.231073 2.505427 2.837658 3.187070 3.522715 3.822317 4.069936 4.254298 4.367833 
5.120796 -4.362804 -4.249550 -4.065651 -3.818671 -3.519871 -3.185165 -2.836771 -2.505502 -2.231735 -2.057089 2.057089 2.231735 2.505502 2.836771 3.185165 3.519871 3.818671 4.065651 4.249550 4.362804 
5.136504 -4.357617 -4.244649 -4.061223 -3.814894 -3.516909 -3.183157 -2.835797 -2.505498 -2.232328 -2.057503 2.057503 2.232328 2.505498 2.835797 3.183157 3.516909 3.814894 4.061223 4.244649 4.357617 
5.152212 -4.352277 -4.239601 -4.056655 -3.810988 -3.513833 -3.181049 -2.834735 -2.505419 -2.232854 -2.057882 2.057882 2.232854 2.505419 2.834735 3.181049 3.513833 3.810988 4.056655 4.239601 4.352277 
5.167920 -4.346788 -4.234409 -4.051952 -3.806958 -3.510645 -3.178843 -2.833589 -2.505265 -2.233317 -2.058226 2.058226 2.233317 2.505265 2.833589 3.178843 3.510645 3.806958 4.051952 4.234409 4.346788 
5.183628 -4.341156 -4.229078 -4.047118 -3.802808 -3.507348 -3.176543 -2.832360 -2.505038 -2.233717 -2.058539 2.058539 2.233717 2.505038 2.832360 3.176543 3.507348 3.802808 4.047118 4.229078 4.341156 
5.199336 -4.335385 -4.223613 -4.042157 -3.798540 -3.503947 -3.174149 -2.831050 -2.504739 -2.234056 -2.058821 2.058821 2.234056 2.504739 2.831050 3.174149 3.503947 3.798540 4.042157 4.223613 4.335385 
5.215044 -4.329481 -4.218019 -4.037075 -3.794160 -3.500445 -3.171666 -2.829662 -2.504370 -2.234337 -2.059075 2.059075 2.234337 2.504370 2.829662 3.171666 3.500445 3.794160 4.037075 4.218019 4.329481 
5.230752 -4.323448 -4.212301 -4.031875 -3.789672 -3.496844 -3.169096 -2.828197 -2.503934 -2.234561 -2.059301 2.059301 2.234561 2.503934 2.828197 3.169096 3.496844 3.789672 4.031875 4.212301 4.323448 
5.246460 -4.317293 -4.206464 -4.026562 -3.785080 -3.493149 -3.166442 -2.826657 -2.503432 -2.234731 -2.059502 2.059502 2.234731 2.503432 2.826657 3.166442 3.493149 3.785080 4.026562 4.206464 4.317293 
5.262168 -4.311021 -4.200514 -4.021143 -3.780388 -3.489364 -3.163708 -2.825046 -2.502866 -2.234848 -2.059678 2.059678 2.234848 2.502866 2.825046 3.163708 3.489364 3.780388 4.021143 4.200514 4.311021 
5.277876 -4.304638 -4.194456 -4.015621 -3.775601 -3.485492 -3.160895 -2.823366 -2.502237 -2.234915 -2.059830 2.059830 2.234915 2.502237 2.823366 3.160895 3.485492 3.775601 4.015621 4.194456 4.304638 
5.293584 -4.298149 -4.188296 -4.010001 -3.770724 -3.481538 -3.158009 -2.821618 -2.501549 -2.234933 -2.059961 2.059961 2.234933 2.501549 2.821618 3.158009 3.481538 3.770724 4.010001 4.188296 4.298149 
5.309292 -4.291560 -4.182039 -4.004290 -3.765761 -3.477505 -3.155051 -2.819807 -2.500803 -2.234904 -2.060071 2.060071 2.234904 2.500803 2.819807 3.155051 3.477505 3.765761 4.004290 4.182039 4.291560 
5.325000 -4.284878 -4.175691 -3.998493 -3.760717 -3.473399 -3.152026 -2.817934 -2.500002 -2.234830 -2.060162 2.060162 2.234830 2.500002 2.817934 3.152026 3.473399 3.760717 3.998493 4.175691 4.284878 
5.340708 -4.278108 -4.169258 -3.992614 -3.755598 -3.469222 -3.148937 -2.816002 -2.499147 -2.234714 -2.060233 2.060233 2.234714 2.499147 2.816002 3.148937 3.469222 3.755598 3.992614 4.169258 4.278108 
5.356415 -4.271258 -4.162747 -3.986660 -3.750407 -3.464979 -3.145787 -2.814015 -2.498241 -2.234557 -2.060287 2.060287 2.234557 2.498241 2.814015 3.145787 3.464979 3.750407 3.986660 4.162747 4.271258 
5.372123 -4.264332 -4.156162 -3.980637 -3.745151 -3.460675 -3.142581 -2.811974 -2.497287 -2.234360 -2.060325 2.060325 2.234360 2.497287 2.811974 3.142581 3.460675 3.745151 3.980637 4.156162 4.264332 
5.387831 -4.257339 -4.149512 -3.974549 -3.739835 -3.456315 -3.139321 -2.809884 -2.496286 -2.234127 -2.060347 2.060347 2.234127 2.496286 2.809884 3.139321 3.456315 3.739835 3.974549 4.149512 4.257339 
5.403539 -4.250284 -4.142801 -3.968404 -3.734463 -3.451902 -3.136012 -2.807746 -2.495241 -2.233858 -2.060353 2.060353 2.233858 2.495241 2.807746 3.136012 3.451902 3.734463 3.968404 4.142801 4.250284 
5.419247 -4.243174 -4.136036 -3.962207 -3.729042 -3.447442 -3.132657 -2.805565 -2.494154 -2.233556 -2.060346 2.060346 2.233556 2.494154 2.805565 3.132657 3.447442 3.729042 3.962207 4.136036 4.243174 
5.434955 -4.236017 -4.129225 -3.955964 -3.723576 -3.442939 -3.129261 -2.803342 -2.493028 -2.233222 -2.060326 2.060326 2.233222 2.493028 2.803342 3.129261 3.442939 3.723576 3.955964 4.129225 4.236017 
5.450663 -4.228818 -4.122372 -3.949681 -3.718072 -3.438398 -3.125828 -2.801082 -2.491866 -2.232859 -2.060294 2.060294 2.232859 2.491866 2.801082 3.125828 3.438398 3.718072 3.949681 4.122372 4.228818 
5.466371 -4.221584 -4.115486 -3.943364 -3.712534 -3.433824 -3.122360 -2.798788 -2.490669 -2.232467 -2.060249 2.060249 2.232467 2.490669 2.798788 3.122360 3.433824 3.712534 3.943364 4.115486 4.221584 
5.482079 -4.214324 -4.108572 -3.937020 -3.706968 -3.429221 -3.118863 -2.796462 -2.489441 -2.232050 -2.060194 2.060194 2.232050 2.489441 2.796462 3.118863 3.429221 3.706968 3.937020 4.108572 4.214324 
5.497787 -4.207043 -4.101638 -3.930656 -3.701381 -3.424595 -3.115341 -2.794108 -2.488183 -2.231608 -2.060129 2.060129 2.231608 2.488183 2.794108 3.115341 3.424595 3.701381 3.930656 4.101638 4.207043 
5.513495 -4.199749 -4.094691 -3.924276 -3.695778 -3.419951 -3.111797 -2.791730 -2.486899 -2.231143 -2.060055 2.060055 2.231143 2.486899 2.791730 3.111797 3.419951 3.695778 3.924276 4.094691 4.199749 
5.529203 -4.192449 -4.087736 -3.917889 -3.690164 -3.415293 -3.108236 -2.789330 -2.485590 -2.230657 -2.059972 2.059972 2.230657 2.485590 2.789330 3.108236 3.415293 3.690164 3.917889 4.087736 4.192449 
5.544911 -4.185151 -4.080782 -3.911499 -3.684546 -3.410628 -3.104662 -2.786912 -2.484260 -2.230152 -2.059880 2.059880 2.230152 2.484260 2.786912 3.104662 3.410628 3.684546 3.911499 4.080782 4.185151 
5.560619 -4.177861 -4.073835 -3.905115 -3.678928 -3.405958 -3.101079 -2.784479 -2.482910 -2.229630 -2.059782 2.059782 2.229630 2.482910 2.784479 3.101079 3.405958 3.678928 3.905115 4.073835 4.177861 
5.576327 -4.170587 -4.066902 -3.898741 -3.673318 -3.401291 -3.097491 -2.782035 -2.481544 -2.229091 -2.059676 2.059676 2.229091 2.481544 2.782035 3.097491 3.401291 3.673318 3.898741 4.066902 4.170587 
5.592035 -4.163336 -4.059990 -3.892385 -3.667721 -3.396631 -3.093904 -2.779583 -2.480164 -2.228539 -2.059564 2.059564 2.228539 2.480164 2.779583 3.093904 3.396631 3.667721 3.892385 4.059990 4.163336 
5.607743 -4.156115 -4.053106 -3.886054 -3.662143 -3.391983 -3.090320 -2.777126 -2.478773 -2.227973 -2.059447 2.059447 2.227973 2.478773 2.777126 3.090320 3.391983 3.662143 3.886054 4.053106 4.156115 
5.623451 -4.148932 -4.046257 -3.879753 -3.656590 -3.387351 -3.086745 -2.774667 -2.477372 -2.227397 -2.059324 2.059324 2.227397 2.477372 2.774667 3.086745 3.387351 3.656590 3.879753 4.046257 4.148932 
5.639159 -4.141794 -4.039451 -3.873490 -3.651068 -3.382743 -3.083182 -2.772211 -2.475964 -2.226811 -2.059197 2.059197 2.226811 2.475964 2.772211 3.083182 3.382743 3.651068 3.873490 4.039451 4.141794 
5.654867 -4.134709 -4.032693 -3.867271 -3.645582 -3.378162 -3.079635 -2.769761 -2.474552 -2.226216 -2.059066 2.059066 2.226216 2.474552 2.769761 3.079635 3.378162 3.645582 3.867271 4.032693 4.134709 
5.670575 -4.127683 -4.025992 -3.861102 -3.640139 -3.373613 -3.076110 -2.767319 -2.473139 -2.225616 -2.058931 2.058931 2.225616 2.473139 2.767319 3.076110 3.373613 3.640139 3.861102 4.025992 4.127683 
5.686283 -4.120724 -4.019354 -3.854990 -3.634744 -3.369102 -3.072610 -2.764889 -2.471726 -2.225010 -2.058794 2.058794 2.225010 2.471726 2.764889 3.072610 3.369102 3.634744 3.854990 4.019354 4.120724 
5.701991 -4.113840 -4.012786 -3.848942 -3.629404 -3.364634 -3.069139 -2.762474 -2.470316 -2.224401 -2.058654 2.058654 2.224401 2.470316 2.762474 3.069139 3.364634 3.629404 3.848942 4.012786 4.113840 
5.717699 -4.107036 -4.006296 -3.842964 -3.624123 -3.360213 -3.065702 -2.760078 -2.468912 -2.223790 -2.058512 2.058512 2.223790 2.468912 2.760078 3.065702 3.360213 3.624123 3.842964 4.006296 4.107036 
5.733407 -4.100322 -3.999889 -3.837062 -3.618909 -3.355846 -3.062303 -2.757705 -2.467515 -2.223178 -2.058368 2.058368 2.223178 2.467515 2.757705 3.062303 3.355846 3.618909 3.837062 3.999889 4.100322 
5.749115 -4.093703 -3.993573 -3.831242 -3.613765 -3.351536 -3.058946 -2.755356 -2.466129 -2.222567 -2.058223 2.058223 2.222567 2.466129 2.755356 3.058946 3.351536 3.613765 3.831242 3.993573 4.093703 
5.764823 -4.087186 -3.987354 -3.825512 -3.608700 -3.347289 -3.055635 -2.753036 -2.464755 -2.221958 -2.058078 2.058078 2.221958 2.464755 2.753036 3.055635 3.347289 3.608700 3.825512 3.987354 4.087186 
5.780530 -4.080780 -3.981240 -3.819877 -3.603717 -3.343110 -3.052373 -2.750747 -2.463396 -2.221352 -2.057932 2.057932 2.221352 2.463396 2.750747 3.052373 3.343110 3.603717 3.819877 3.981240 4.080780 
5.796238 -4.074489 -3.975236 -3.814343 -3.598822 -3.339002 -3.049166 -2.748493 -2.462053 -2.220750 -2.057787 2.057787 2.220750 2.462053 2.748493 3.049166 3.339002 3.598822 3.814343 3.975236 4.074489 
5.811946 -4.068322 -3.969350 -3.808916 -3.594022 -3.334973 -3.046016 -2.746276 -2.460730 -2.220155 -2.057642 2.057642 2.220155 2.460730 2.746276 3.046016 3.334973 3.594022 3.808916 3.969350 4.068322 
5.827654 -4.062285 -3.963587 -3.803603 -3.589320 -3.331024 -3.042929 -2.744100 -2.459428 -2.219567 -2.057498 2.057498 2.219567 2.459428 2.744100 3.042929 3.331024 3.589320 3.803603 3.963587 4.062285 
5.843362 -4.056385 -3.957955 -3.798409 -3.584724 -3.327163 -3.039907 -2.741968 -2.458149 -2.218987 -2.057356 2.057356 2.218987 2.458149 2.741968 3.039907 3.327163 3.584724 3.798409 3.957955 4.056385 
5.859070 -4.050627 -3.952458 -3.793340 -3.580236 -3.323392 -3.036954 -2.739882 -2.456895 -2.218416 -2.057215 2.057215 2.218416 2.456895 2.739882 3.036954 3.323392 3.580236 3.793340 3.952458 4.050627 
5.874778 -4.045019 -3.947104 -3.788402 -3.575864 -3.319716 -3.034074 -2.737846 -2.455669 -2.217856 -2.057076 2.057076 2.217856 2.455669 2.737846 3.034074 3.319716 3.575864 3.788402 3.947104 4.045019 
5.890486 -4.039566 -3.941898 -3.783600 -3.571612 -3.316140 -3.031271 -2.735861 -2.454471 -2.217308 -2.056940 2.056940 2.217308 2.454471 2.735861 3.031271 3.316140 3.571612 3.783600 3.941898 4.039566 
5.906194 -4.034275 -3.936845 -3.778939 -3.567484 -3.312668 -3.028547 -2.733932 -2.453305 -2.216772 -2.056806 2.056806 2.216772 2.453305 2.733932 3.028547 3.312668 3.567484 3.778939 3.936845 4.034275 
5.921902 -4.029151 -3.931953 -3.774425 -3.563486 -3.309304 -3.025907 -2.732059 -2.452172 -2.216250 -2.056675 2.056675 2.216250 2.452172 2.732059 3.025907 3.309304 3.563486 3.774425 3.931953 4.029151 
5.937610 -4.024200 -3.927225 -3.770063 -3.559621 -3.306052 -3.023354 -2.730247 -2.451073 -2.215743 -2.056548 2.056548 2.215743 2.451073 2.730247 3.023354 3.306052 3.559621 3.770063 3.927225 4.024200 
5.953318 -4.019428 -3.922668 -3.765859 -3.555896 -3.302915 -3.020890 -2.728497 -2.450011 -2.215252 -2.056425 2.056425 2.215252 2.450011 2.728497 3.020890 3.302915 3.555896 3.765859 3.922668 4.019428 
5.969026 -4.014840 -3.918287 -3.761815 -3.552313 -3.299898 -3.018520 -2.726812 -2.448986 -2.214777 -2.056305 2.056305 2.214777 2.448986 2.726812 3.018520 3.299898 3.552313 3.761815 3.918287 4.014840 
5.984734 -4.010441 -3.914086 -3.757938 -3.548877 -3.297004 -3.016245 -2.725194 -2.448001 -2.214320 -2.056189 2.056189 2.214320 2.448001 2.725194 3.016245 3.297004 3.548877 3.757938 3.914086 4.010441 
6.000442 -4.006237 -3.910070 -3.754232 -3.545591 -3.294237 -3.014069 -2.723645 -2.447058 -2.213881 -2.056078 2.056078 2.213881 2.447058 2.723645 3.014069 3.294237 3.545591 3.754232 3.910070 4.006237 
6.016150 -4.002231 -3.906245 -3.750701 -3.542461 -3.291600 -3.011995 -2.722168 -2.446157 -2.213461 -2.055971 2.055971 2.213461 2.446157 2.722168 3.011995 3.291600 3.542461 3.750701 3.906245 4.002231 
6.031858 -3.998429 -3.902613 -3.747349 -3.539489 -3.289095 -3.010024 -2.720764 -2.445299 -2.213061 -2.055870 2.055870 2.213061 2.445299 2.720764 3.010024 3.289095 3.539489 3.747349 3.902613 3.998429 
6.047566 -3.994834 -3.899180 -3.744181 -3.536680 -3.286727 -3.008160 -2.719435 -2.444487 -2.212682 -2.055773 2.055773 2.212682 2.444487 2.719435 3.008160 3.286727 3.536680 3.744181 3.899180 3.994834 
6.063274 -3.991452 -3.895949 -3.741198 -3.534035 -3.284498 -3.006405 -2.718183 -2.443722 -2.212324 -2.055682 2.055682 2.212324 2.443722 2.718183 3.006405 3.284498 3.534035 3.741198 3.895949 3.991452 
6.078982 -3.988286 -3.892925 -3.738406 -3.531559 -3.282411 -3.004761 -2.717010 -2.443004 -2.211987 -2.055596 2.055596 2.211987 2.443004 2.717010 3.004761 3.282411 3.531559 3.738406 3.892925 3.988286 
6.094690 -3.985339 -3.890110 -3.735808 -3.529255 -3.280468 -3.003231 -2.715917 -2.442335 -2.211674 -2.055516 2.055516 2.211674 2.442335 2.715917 3.003231 3.280468 3.529255 3.735808 3.890110 3.985339 
6.110398 -3.982615 -3.887508 -3.733406 -3.527124 -3.278671 -3.001815 -2.714907 -2.441716 -2.211383 -2.055441 2.055441 2.211383 2.441716 2.714907 3.001815 3.278671 3.527124 3.733406 3.887508 3.982615 
6.126106 -3.980117 -3.885122 -3.731203 -3.525170 -3.277023 -3.000517 -2.713979 -2.441147 -2.211116 -2.055373 2.055373 2.211116 2.441147 2.713979 3.000517 3.277023 3.525170 3.731203 3.885122 3.980117 
6.141814 -3.977848 -3.882955 -3.729202 -3.523395 -3.275526 -2.999337 -2.713136 -2.440630 -2.210873 -2.055311 2.055311 2.210873 2.440630 2.713136 2.999337 3.275526 3.523395 3.729202 3.882955 3.977848 
6.157522 -3.975811 -3.881009 -3.727405 -3.521801 -3.274182 -2.998277 -2.712379 -2.440165 -2.210654 -2.055255 2.055255 2.210654 2.440165 2.712379 2.998277 3.274182 3.521801 3.727405 3.881009 3.975811 
6.173230 -3.974008 -3.879287 -3.725814 -3.520390 -3.272991 -2.997339 -2.711708 -2.439753 -2.210460 -2.055205 2.055205 2.210460 2.439753 2.711708 2.997339 3.272991 3.520390 3.725814 3.879287 3.974008 
6.188938 -3.972441 -3.877790 -3.724432 -3.519164 -3.271957 -2.996524 -2.711125 -2.439395 -2.210292 -2.055161 2.055161 2.210292 2.439395 2.711125 2.996524 3.271957 3.519164 3.724432 3.877790 3.972441 
6.204645 -3.971112 -3.876520 -3.723260 -3.518124 -3.271079 -2.995832 -2.710630 -2.439091 -2.210149 -2.055125 2.055125 2.210149 2.439091 2.710630 2.995832 3.271079 3.518124 3.723260 3.876520 3.971112 
6.220353 -3.970023 -3.875479 -3.722299 -3.517271 -3.270360 -2.995264 -2.710224 -2.438841 -2.210031 -2.055094 2.055094 2.210031 2.438841 2.710224 2.995264 3.270360 3.517271 3.722299 3.875479 3.970023 
6.236061 -3.969174 -3.874669 -3.721550 -3.516607 -3.269800 -2.994822 -2.709908 -2.438647 -2.209939 -2.055071 2.055071 2.209939 2.438647 2.709908 2.994822 3.269800 3.516607 3.721550 3.874669 3.969174 
6.251769 -3.968567 -3.874089 -3.721015 -3.516132 -3.269399 -2.994506 -2.709682 -2.438508 -2.209874 -2.055054 2.055054 2.209874 2.438508 2.709682 2.994506 3.269399 3.516132 3.721015 3.874089 3.968567 
6.267477 -3.968203 -3.873741 -3.720693 -3.515847 -3.269158 -2.994316 -2.709546 -2.438425 -2.209835 -2.055044 2.055044 2.209835 2.438425 2.709546 2.994316 3.269158 3.515847 3.720693 3.873741 3.968203 
6.283185 -3.968081 -3.873625 -3.720586 -3.515752 -3.269078 -2.994253 -2.709500 -2.438397 -2.209821 -2.055041 2.055041 2.209821 2.438397 2.709500 2.994253 3.269078 3.515752 3.720586 3.873625 3.968081 
